1000
0,10,0,10,0,10
2.39646e+00,8.26941,2.56878,1.47900
4.11515e+00,6.03032,1.37487,5.15211
3.83840e+00,9.54472,1.76622,8.89484
9.88637e+00,5.58020,4.67468,9.11468
7.49502e+00,3.44614,0.86322,0.91810
2.57129e+00,5.85998,0.71715,6.70972
9.86915e+00,0.02871,9.78761,4.90610
3.39446e+00,9.09330,2.79340,4.24489
5.80870e+00,4.70141,5.38947,2.64254
8.46753e+00,1.02422,6.92530,3.37827
8.84946e+00,7.61169,5.92318,5.11536
5.81705e+00,0.17763,8.13857,7.61219
2.28775e+00,0.68394,7.71322,8.70087
4.29101e+00,7.81462,9.52682,2.15609
5.13332e+00,9.11373,9.37336,5.42361
4.25268e+00,6.67238,6.41723,8.45881
6.79272e+00,9.86899,2.83671,3.99484
9.06132e+00,0.96687,9.22606,5.06532
8.25159e-01,9.18736,3.06882,8.47566
6.58630e+00,9.18437,5.41420,4.63339
9.82579e+00,0.59215,0.16381,2.34849
2.85711e+00,9.85219,8.04692,4.08379
5.45146e+00,5.03658,6.11009,4.05805
4.41862e+00,7.34519,7.05989,6.87782
5.12476e+00,8.97956,1.01428,4.38048
8.42845e+00,5.87459,0.21717,1.83240
2.13980e+00,1.10250,0.74035,9.40010
6.17099e+00,3.93405,7.41176,4.88972
5.19440e+00,2.25281,4.81143,0.40648
2.63066e+00,3.43469,5.83603,3.01838
1.18054e+00,3.20263,4.02542,4.27077
6.66617e+00,6.74220,4.92928,3.31362
9.49050e+00,0.05880,1.34461,2.17200
1.04802e-01,6.46918,1.39510,7.77235
8.33902e+00,6.91620,0.68864,6.03200
6.12882e-01,8.63090,9.19163,6.50614
4.11099e+00,7.64126,3.52928,5.38800
1.38925e-01,1.65382,5.01590,7.17320
6.45660e+00,9.10666,9.47307,6.11688
3.60340e+00,8.56019,0.95167,9.29110
8.96568e+00,2.42198,6.97976,4.66076
9.98588e+00,1.75787,4.53068,7.45542
4.45852e+00,1.23481,6.18480,7.81815
9.25549e+00,7.43763,8.82119,9.83673
8.34418e+00,7.06153,6.07107,5.53322
3.11074e+00,0.70297,3.86700,9.44987
3.56727e+00,8.71811,5.81443,1.61019
2.65778e+00,0.76176,1.02586,3.38707
2.17137e+00,4.56347,4.26191,1.99130
4.98316e+00,5.34266,0.98458,2.36739
4.59701e+00,8.87773,1.38326,0.35684
1.31650e+00,8.19377,8.59464,7.16665
8.44641e+00,1.45104,4.73633,0.73049
3.93888e-01,2.38925,4.14823,3.55995
8.33402e+00,6.87172,9.02275,7.44144
7.04889e+00,3.90834,2.30736,3.05032
6.31252e+00,7.11983,0.51934,7.89635
2.72060e-01,9.58106,5.34188,7.87931
1.33889e+00,7.88867,8.54354,0.83104
1.29176e+00,3.02318,3.41143,4.00990
4.38093e+00,0.45832,3.61335,3.72012
9.36155e+00,9.84965,7.90609,0.38992
7.72187e+00,3.20416,1.30324,3.57561
2.70878e+00,0.51821,9.90530,4.82982
1.25885e+00,0.33259,7.13790,5.54377
9.64031e+00,4.09956,7.75735,6.43662
1.65648e+00,5.65763,9.64055,7.41399
6.75235e+00,9.46312,5.10985,7.30371
4.54450e+00,2.42187,9.89322,5.40649
2.27954e+00,7.24268,3.62048,5.38691
1.76882e-01,1.69499,1.56071,4.87101
3.87203e-01,5.37965,6.16233,7.96429
2.14948e+00,0.88216,6.03204,7.45694
8.69735e+00,8.13124,9.79817,9.04986
5.55929e+00,5.43450,7.58307,9.62725
4.23849e+00,5.22512,8.53282,8.43015
1.54857e-01,7.37575,1.90804,6.48056
4.97736e+00,5.97074,7.97448,9.41796
3.69119e+00,4.99606,7.28193,2.68135
6.93559e+00,1.04190,9.20856,2.76624
2.31350e+00,6.90167,9.88457,3.89871
4.61921e+00,5.15687,0.52497,9.15908
8.57621e+00,6.54760,6.42492,7.21249
6.84842e-01,0.03873,9.42458,7.26105
4.87262e+00,3.46088,7.29839,6.94660
7.59247e+00,0.92166,7.06944,9.53651
3.38843e-01,3.00540,2.66181,8.54574
3.57327e+00,4.25291,6.96003,4.63445
4.21911e+00,6.09684,9.74739,9.32580
4.70882e+00,8.02462,5.51040,4.01299
3.42108e+00,0.54755,7.68076,6.64313
8.52266e+00,5.05184,1.73329,2.16457
2.60545e-01,8.67106,8.71521,4.23877
7.91364e+00,4.32492,0.73746,1.01639
7.93002e+00,4.35306,6.60947,3.80728
1.95716e+00,7.91694,2.07175,2.02216
2.02967e+00,0.17011,0.58559,6.12414
1.71361e+00,5.01523,1.62183,6.68724
3.70429e+00,7.11034,7.80784,2.70764
6.16392e+00,8.04590,8.79867,9.62372
9.21014e+00,2.00700,9.23063,9.21702
8.33858e+00,4.68300,8.68153,4.18742
6.67544e+00,8.30395,8.30491,7.64280
2.50818e+00,8.63714,6.36074,1.88135
8.67615e+00,9.35818,7.72308,1.03635
8.62543e-01,5.87943,7.24694,3.07694
1.75451e+00,9.43959,7.97478,5.94816
2.03319e+00,9.30286,4.07632,0.21584
9.09271e+00,6.20730,8.66740,3.83942
8.10874e+00,9.16257,0.98127,8.12719
2.41051e+00,2.79214,6.47929,2.55334
9.00975e+00,5.28438,4.11045,9.79832
2.76494e+00,8.98105,8.57579,0.58694
5.95469e+00,5.03743,3.48562,0.68095
2.07248e+00,3.06189,3.61990,6.30207
9.29466e+00,2.97553,4.91473,4.30820
4.34645e+00,5.54868,1.48246,7.42579
4.26229e+00,0.13317,2.40299,4.25725
9.15773e+00,5.49459,8.99873,3.65309
4.44208e+00,5.01794,5.49151,0.13221
1.10503e+00,6.49210,0.59083,4.05826
8.73434e+00,6.65389,3.89781,1.67683
3.46345e+00,9.26513,5.60346,0.96652
4.12131e+00,0.67029,4.07417,6.07255
5.44582e+00,5.04072,0.55488,7.52776
7.87959e+00,8.16468,0.07800,0.59819
7.17636e-02,5.59937,0.02934,5.07870
5.70617e+00,4.07012,9.37996,8.72257
8.22805e+00,4.32839,6.71358,3.92959
6.29099e+00,2.88042,3.26775,6.56949
8.25218e+00,8.45090,8.71736,3.19531
7.69694e+00,9.07821,8.21607,6.11165
2.97410e+00,0.13104,7.48614,7.82625
2.84744e+00,9.23483,2.42061,2.33439
5.01814e-01,6.56196,7.18225,5.61766
8.31813e+00,9.28139,9.44000,7.30474
8.18236e+00,9.60883,9.19190,6.42501
8.69716e+00,4.67545,0.01680,7.06612
1.15216e+00,3.59044,3.90753,2.10592
1.16454e+00,1.67078,3.50513,4.79306
6.41223e+00,6.00942,4.09979,5.30132
1.40785e+00,3.83657,3.52824,9.19602
7.64500e+00,0.58668,4.42672,1.40105
6.77963e+00,2.44440,7.44232,4.55801
9.09821e+00,8.95705,8.44142,1.97464
7.51768e+00,9.77756,9.74734,3.72422
4.13006e+00,9.19517,9.97230,5.41774
7.65817e+00,7.08760,8.70234,3.20636
2.88306e+00,4.99743,0.77866,1.63029
1.02240e+00,0.05204,0.67816,5.47908
2.20942e-01,7.76340,5.16121,4.18913
8.26928e+00,1.60240,0.08426,7.55336
4.24672e+00,8.02669,3.09332,4.49505
7.13169e+00,0.75487,7.34599,6.28660
5.77966e+00,5.44565,6.86022,5.44885
8.32254e-01,5.17250,5.35703,7.24836
7.05981e+00,7.81870,6.65518,4.77341
3.05577e+00,3.39814,3.46329,2.64308
3.64155e+00,3.02499,2.09712,0.02857
5.76474e+00,6.00639,7.34228,5.24805
2.78831e+00,3.49244,2.33374,4.01014
4.63199e+00,3.78368,3.88452,7.83911
8.52636e+00,1.02533,2.48232,0.43610
6.76800e+00,9.51480,3.18733,7.15845
6.66274e+00,8.24609,2.84753,0.61002
6.42057e+00,4.74389,3.92351,6.73617
7.54762e+00,8.02613,2.12817,3.97651
1.31866e+00,6.70362,0.86706,8.11511
4.28692e+00,2.68637,8.78345,3.79317
3.38313e+00,8.39334,5.18901,0.18476
4.20162e+00,3.78025,6.13916,9.97895
2.00721e+00,5.46296,8.36899,8.86037
7.36874e-01,5.22609,4.32935,8.68910
6.13263e+00,0.06406,1.45404,3.30657
8.78723e+00,5.92568,2.22625,9.33571
7.90738e+00,3.52091,1.16303,4.42581
3.24904e-01,3.70829,2.84945,5.41097
2.79190e+00,1.14565,1.88909,7.99575
3.62901e+00,6.36596,1.72017,8.59444
8.41649e+00,4.19442,5.75110,2.96139
7.12115e+00,5.73338,5.87235,9.13125
9.74522e+00,7.16010,9.05827,6.35713
6.27969e-01,0.42982,8.57064,0.53704
9.54868e+00,7.67608,9.32662,2.25324
8.09254e+00,5.18123,9.77435,3.47644
8.88184e+00,9.56426,9.83794,8.63852
7.03372e+00,9.63594,4.93956,9.29181
1.61825e+00,1.82966,3.31482,0.09077
6.12533e+00,7.55473,4.93377,6.79552
4.78542e+00,0.30968,1.09939,9.20520
2.77337e+00,5.88470,5.92965,0.25074
4.13140e-01,0.40163,2.57409,1.41235
8.95512e+00,0.53203,2.17843,8.23971
3.86931e+00,4.72440,8.60177,9.03332
9.44776e+00,0.00554,1.16288,9.91651
9.62503e+00,5.62850,9.88015,1.34403
5.79956e+00,1.04266,7.73892,2.11982
7.89906e+00,3.31280,0.23969,2.58063
9.59646e+00,8.83680,0.28502,7.39626
7.60093e+00,1.43237,1.27895,9.26716
2.59036e-01,3.09934,2.13572,1.37466
3.75924e-01,0.68948,2.37210,0.78366
5.04752e+00,8.53461,5.67564,0.56833
1.10472e+00,5.75175,0.75280,7.92467
4.52603e+00,2.36273,4.14050,3.07263
9.05790e+00,0.46376,7.10568,9.53726
7.94828e+00,4.67856,7.57798,2.58978
2.91112e+00,0.80245,1.30654,3.27376
9.34497e+00,0.43885,1.09943,6.81378
3.39076e+00,7.53861,1.27470,8.03988
4.24577e+00,4.31163,2.67051,4.78799
9.43545e+00,8.15024,6.59351,8.71471
2.35025e+00,0.96124,9.77920,4.16207
3.50451e+00,9.89801,7.21696,8.22079
4.38509e+00,2.44598,5.45122,8.91934
5.09963e+00,1.90177,5.04246,4.02155
2.92805e+00,5.68993,5.53670,5.06065
1.90830e+00,1.41601,9.96829,4.93326
2.36383e-01,2.49678,3.60247,0.92654
9.42801e+00,6.07499,9.99442,5.07394
7.83251e-01,1.25184,9.93122,5.64696
9.64054e+00,3.85199,7.65193,9.51715
8.25638e+00,3.85607,9.47186,6.64962
7.03393e+00,4.89167,1.72398,5.22710
4.45212e+00,3.91449,5.87187,0.32332
8.87413e+00,3.53203,9.99909,0.88738
3.91077e+00,4.47545,5.31774,0.88985
9.76914e+00,0.94431,6.93876,8.94472
1.66368e+00,5.96311,4.05943,0.25238
1.00342e+00,8.04368,4.50487,1.68310
9.78424e+00,7.37381,2.67983,8.01551
1.87733e+00,9.63749,5.69244,1.58403
9.87127e-02,7.54343,8.66263,5.98355
8.79038e+00,3.22068,5.94485,6.67219
9.24992e+00,0.61218,0.17284,5.56703
5.20235e+00,4.06350,3.44179,2.71081
1.56112e+00,7.03161,1.98042,4.04362
2.40059e+00,3.71175,7.58495,8.22009
1.30836e+00,9.40503,5.37176,1.15537
5.74129e+00,2.76434,5.08670,0.32439
8.81207e+00,4.91454,2.02703,7.73503
4.59495e+00,5.58130,1.57836,2.18491
1.19417e+00,6.20071,7.10769,3.39891
7.48790e+00,6.65329,9.65247,9.57587
8.92244e+00,6.26128,0.80132,2.50218
7.58125e-01,7.65628,9.79637,9.88964
4.68617e+00,8.28730,9.97045,0.31716
3.98736e+00,3.50787,1.98297,0.41380
9.25975e+00,1.25563,5.03327,5.88203
2.56519e+00,3.71631,4.56915,4.47615
8.15799e+00,8.85293,7.65031,0.75120
8.78602e-01,6.20293,4.41795,9.87033
9.28261e+00,4.52664,4.23444,6.64032
5.22753e+00,8.25970,9.46359,2.16476
8.31061e+00,4.60755,9.14853,9.57228
1.10751e+00,6.11049,6.96251,2.06877
8.92867e+00,3.53299,8.00252,1.37098
9.42216e+00,9.74263,8.76255,2.35141
5.09282e+00,2.89006,4.52480,1.72803
7.25065e+00,0.53785,9.93249,4.65131
3.61637e+00,9.12251,0.53904,8.05683
3.97562e+00,2.03557,2.47065,1.95873
7.23777e+00,6.93725,8.58071,8.12667
8.20591e+00,0.30936,3.73021,0.51476
2.30601e+00,1.85216,7.79740,4.17521
7.45503e+00,7.63390,7.78510,9.72545
3.91960e+00,8.64322,0.78262,8.65408
1.15595e+00,6.53253,1.05681,5.88348
4.54420e+00,9.13929,1.69392,3.76866
5.56006e+00,2.07767,9.13566,4.85432
5.97162e+00,3.83976,0.04939,5.44560
9.38946e-01,2.44643,2.82769,1.73352
4.60344e+00,4.01527,0.04787,9.74531
4.57352e+00,3.58578,5.40235,1.65231
7.74654e+00,0.73174,5.04574,8.75379
5.06557e+00,4.60006,2.02257,6.43002
8.11258e+00,3.74101,5.15451,5.73745
5.29456e+00,8.08625,4.70941,8.93911
1.22855e-01,8.90820,6.40620,6.24037
2.88183e+00,9.02302,6.97806,6.35960
4.58537e+00,2.76837,3.30330,9.36845
8.05406e+00,5.46030,5.88541,1.03217
8.44069e+00,2.84620,2.30477,5.43135
1.17082e+00,3.99851,0.71546,4.91413
7.00107e+00,1.27456,9.61916,5.29463
4.88654e+00,7.03444,0.22583,9.62148
8.88530e+00,6.38841,5.33277,5.58945
8.89345e+00,4.30817,6.79512,4.31715
5.11247e+00,9.08405,4.65977,6.71779
3.53084e+00,7.52728,2.73283,4.13766
9.06708e+00,1.70325,8.03004,9.75535
3.43535e+00,8.45790,0.36998,1.72223
7.24091e+00,7.37914,9.99965,4.09414
1.62187e-01,5.04557,9.64705,8.81316
5.33704e+00,5.82607,1.52492,3.08069
7.15933e+00,6.37157,0.81103,6.86708
9.97173e+00,1.73330,7.15489,8.02045
7.66120e-03,0.21355,8.66242,4.05020
6.63109e+00,2.29945,9.70657,3.12817
9.95677e+00,1.17540,3.83903,9.60557
5.64618e+00,4.40315,7.08126,3.75505
3.12475e+00,9.97668,5.74703,5.82771
1.03787e+00,5.91282,0.46562,3.96114
2.45589e+00,5.35868,1.21640,9.32922
9.78181e+00,3.03888,9.16196,1.02616
5.47063e+00,3.93947,4.84520,5.68532
7.35062e+00,7.66089,9.86776,5.70676
6.81957e+00,1.18859,1.69163,8.67464
6.23139e+00,1.14481,1.27096,0.01118
6.30546e+00,0.36112,5.44702,3.97994
1.65130e+00,0.68026,3.01134,4.79691
5.56187e-01,4.30241,3.06825,4.94232
9.74655e+00,6.17419,5.91128,8.72740
1.75308e+00,5.85835,1.66624,2.41652
8.26438e+00,4.77309,8.39555,2.44546
1.35266e+00,2.34487,8.28665,0.44668
4.14345e+00,1.42448,6.50316,8.65608
1.17406e+00,4.13862,0.76639,4.53915
1.38206e+00,2.88595,7.85375,3.55349
6.92926e+00,0.13617,1.86287,8.56852
1.76790e+00,3.63587,5.57008,4.88936
6.53453e+00,6.92201,1.37939,7.71093
7.38437e+00,9.96173,0.33240,3.31893
2.82219e-01,9.72739,9.33368,7.21703
4.94287e+00,8.14537,9.75515,4.79281
4.81294e+00,1.97295,6.68118,4.18046
8.51854e+00,7.25841,0.99360,3.09781
8.56942e+00,0.13508,8.96945,6.80830
3.18638e+00,5.52328,1.37736,3.44292
3.99296e+00,0.20259,6.77686,9.52249
3.69245e+00,6.21605,9.03069,1.01607
7.16025e+00,2.47274,7.15051,3.02212
1.20059e+00,5.46862,4.00488,9.26980
1.85139e+00,9.97430,5.98671,9.29985
6.27248e+00,2.09364,6.54087,5.90927
9.49820e+00,7.95914,9.18916,1.85366
2.23798e+00,0.64127,8.04320,9.12350
1.96184e+00,6.84068,8.00776,8.38762
2.84480e+00,2.34437,2.30779,4.23590
2.36900e-01,2.56412,9.68802,3.92826
3.08739e+00,9.02537,8.86549,9.84864
3.54002e+00,2.85898,2.29919,3.98221
4.32508e+00,7.95386,0.07039,4.10089
3.57074e+00,0.28577,1.74430,2.80204
7.14970e+00,0.70261,4.58683,9.06703
2.12973e-01,5.88857,8.98034,3.33594
5.06278e+00,3.99451,8.48799,5.19024
4.84379e+00,3.41573,6.86134,5.78754
7.91569e+00,4.18791,1.22787,5.23887
1.08648e+00,9.34425,1.51532,4.85358
2.17601e+00,7.37294,5.17416,6.90797
6.86010e+00,7.88276,7.94249,8.70348
8.99052e+00,8.10065,3.78602,3.20907
8.47290e+00,2.18198,6.78659,3.13133
5.21850e+00,2.21052,7.75932,6.86512
6.56651e+00,2.58175,6.08474,5.82205
3.77035e+00,2.57555,9.61886,8.15976
7.20545e+00,9.60089,5.32886,5.31588
4.54866e+00,5.99423,7.52006,9.95142
2.97656e+00,8.43779,8.03856,4.17845
1.22503e+00,3.10301,6.43625,0.20787
9.32562e+00,2.50742,4.67666,9.90104
4.41929e+00,6.40132,6.54382,6.94224
7.33765e+00,2.54963,6.56542,7.51115
8.27065e-01,9.93112,0.99129,9.37326
3.81567e+00,3.94210,2.59589,0.01038
9.20212e+00,9.65322,8.78408,7.39881
5.95185e+00,5.68529,1.05556,2.24638
1.37795e-01,9.66441,5.20935,9.99758
3.86483e+00,4.79418,0.16027,3.83102
5.63737e+00,2.68346,1.01503,1.82319
7.25110e-01,7.93827,3.03803,9.26673
9.91962e+00,2.37297,5.01574,8.05240
9.18995e+00,4.41495,7.39557,1.13926
9.14491e-01,9.00340,6.78197,3.09309
2.10899e-01,3.93379,6.40680,7.94534
6.00515e+00,8.32544,4.95670,3.45591
8.74745e-01,8.46569,5.59864,7.36487
8.72531e+00,3.10690,1.58061,4.75983
5.40902e+00,9.48742,4.43646,4.85693
5.25852e+00,2.11625,9.49324,0.15224
9.80399e+00,8.59009,2.64460,2.60324
5.86246e+00,0.15661,2.07429,9.86413
6.04826e-01,7.85867,5.13663,1.30000
4.38239e+00,8.29821,3.25549,0.83190
2.78891e+00,0.33036,4.01714,6.07439
9.87759e+00,1.82194,2.45901,1.86851
9.89008e+00,4.15660,7.25315,9.80684
7.15332e+00,1.26250,7.99741,8.95404
6.89476e+00,4.36128,6.73868,5.52189
5.15445e+00,6.34457,3.38709,9.27630
2.96903e+00,5.72589,0.03049,9.14958
5.34886e+00,7.51646,6.96381,9.97641
3.61438e+00,2.85223,1.20514,9.57369
9.06436e+00,3.27775,2.70543,9.65980
5.79830e+00,8.20668,8.77529,0.84837
8.65264e+00,3.10556,9.77247,3.43966
7.43954e+00,7.19821,6.32272,0.12061
7.76159e+00,0.85083,4.34427,0.19793
8.54100e+00,0.27136,7.43057,3.44731
3.67367e-01,7.06433,0.62777,1.60835
3.91857e+00,4.12448,4.88942,5.80759
6.59184e+00,7.72338,4.32236,3.14417
9.14972e+00,7.60278,6.15412,3.75664
8.12221e+00,4.58826,2.37893,5.31903
2.26409e+00,4.57886,8.06965,8.65600
6.95072e+00,5.68308,0.20740,5.25087
9.82437e+00,0.39212,2.56496,0.48164
8.83761e+00,6.79402,1.01206,6.03451
8.20008e-01,3.94381,4.63455,1.43609
4.52066e+00,3.71592,1.21457,5.23279
1.13721e+00,7.10537,4.75350,5.99071
9.57068e+00,7.17892,3.44545,4.32334
1.83548e+00,6.31820,3.21775,9.46770
7.12385e-01,7.35423,1.49122,1.98358
7.22202e+00,4.21595,1.09568,2.36647
9.03105e+00,0.86088,7.90800,1.83219
9.26113e+00,8.00156,8.82364,4.00464
7.80065e+00,2.29956,9.91906,0.90388
7.60048e+00,3.15061,6.49729,5.88947
7.80985e+00,1.89336,6.90135,5.96103
6.15338e+00,3.26433,6.48523,6.29912
4.76913e+00,7.05213,0.82522,5.47682
3.32457e-01,7.40869,0.17079,1.29056
8.94757e+00,9.67260,6.46311,8.34586
4.97197e+00,3.33274,3.53381,4.88846
6.79629e+00,2.31479,4.03447,1.77236
5.60624e+00,4.85972,6.77279,1.70063
6.23937e+00,7.39308,4.24202,3.91118
4.51267e+00,8.71702,5.89587,4.70788
7.95665e+00,0.91743,1.49438,0.00809
1.29840e+00,0.14443,5.45651,6.33860
3.60682e+00,1.75662,5.09685,6.38038
3.54549e+00,4.89143,3.34604,8.68848
9.11076e+00,8.59251,8.37498,8.65598
9.28460e+00,0.99494,4.37073,1.56697
5.42478e+00,8.55444,3.24207,1.26492
1.54186e+00,3.96105,9.47690,5.77446
1.03321e+00,5.28082,7.73574,5.25272
6.58097e+00,0.25200,6.20302,5.04426
9.03231e+00,5.77331,7.92672,6.37507
3.71286e+00,2.49382,2.88231,7.34609
7.47703e-01,9.32688,0.67092,8.92043
8.74536e+00,2.58229,1.17524,5.79212
3.06651e+00,7.94650,1.37046,3.37572
1.89901e+00,4.67468,5.57864,6.35455
5.19306e+00,6.95024,6.02368,2.67235
1.40038e+00,3.79645,8.99625,9.23710
7.64694e+00,0.21623,7.96251,9.28620
4.80716e+00,8.88045,3.37264,4.16548
1.62367e+00,0.17025,5.46151,6.38653
9.35505e+00,1.97964,2.29721,9.01511
7.94706e+00,6.49726,3.55273,7.78547
3.89521e+00,9.61998,9.29613,5.64933
5.18727e+00,4.80148,8.95808,2.28604
7.51228e+00,6.79045,0.84073,6.69424
2.75742e+00,7.89017,6.56364,1.49409
8.88705e+00,0.88362,9.02051,1.37210
5.36646e+00,0.85697,6.03752,0.06780
6.43844e+00,5.37252,8.41039,9.48255
3.28190e+00,3.53067,9.95833,5.13055
3.83383e+00,1.73530,1.49106,2.41452
7.74578e+00,4.35259,1.22967,8.78473
3.80416e-01,4.70130,2.52370,1.81621
6.38420e+00,6.16758,4.93214,9.04965
2.83172e+00,5.99711,1.72333,3.42355
2.95497e+00,9.73856,7.25356,0.09431
1.95980e+00,4.99666,5.43867,3.03358
2.82189e+00,6.71251,4.50592,4.05220
4.83864e+00,5.97060,1.66838,1.11247
4.39349e+00,5.90084,2.46255,6.73701
1.89636e+00,3.87123,2.51584,5.54395
6.11098e+00,7.71301,0.74307,7.93351
6.78754e+00,0.23134,3.11824,4.11367
1.76777e-01,7.27737,1.07000,8.39980
7.84847e-01,8.62106,4.76032,4.39932
5.44796e+00,7.71252,7.17068,7.44848
2.24932e-01,5.38625,6.48299,2.99942
4.29264e+00,9.27388,8.92939,1.37045
1.89016e+00,3.85368,8.00013,3.93047
7.19193e+00,3.71188,5.37847,3.95453
7.54626e+00,7.63438,2.52177,1.13344
6.61482e+00,1.08520,9.67798,8.81455
1.17238e+00,4.18301,3.87553,6.85815
8.46185e+00,2.14101,1.05806,8.49360
5.36188e+00,2.00869,5.22791,0.71776
4.28776e+00,8.84223,4.48117,0.29614
1.98558e+00,7.67462,7.70232,9.44705
4.26520e+00,2.82432,0.50003,8.07055
3.19873e+00,0.14607,3.08414,0.75337
6.82025e+00,2.15415,8.16925,0.25917
1.09087e+00,8.67255,4.05606,3.89126
9.37641e+00,6.36343,8.45842,5.16016
3.74882e+00,4.68875,1.85253,0.74562
9.56678e+00,6.69140,7.90041,3.87157
3.90749e+00,7.17502,6.85901,4.78257
7.83160e+00,0.14788,0.83327,3.37867
7.39155e-01,3.30372,6.06421,7.03293
7.02428e+00,8.56079,6.77483,9.01637
9.58748e+00,3.11204,5.10055,5.37219
2.20894e+00,5.79741,0.57962,0.73139
1.99836e+00,5.61856,3.15803,1.02279
5.95574e+00,6.44745,1.26903,1.75240
7.35840e+00,9.68383,3.72549,1.90943
8.77986e+00,2.19382,0.06828,7.83896
5.82605e+00,9.56169,0.78349,1.98776
3.58027e-01,6.57892,6.73316,2.33449
1.02746e-01,6.83392,8.43428,2.21757
8.38094e+00,8.35116,0.07486,1.62464
6.28648e+00,8.14412,1.53942,9.94423
3.68398e+00,6.59341,6.37698,6.99697
9.39393e+00,9.01851,9.60068,3.21127
8.68354e+00,3.71378,9.01543,4.08782
6.71423e+00,9.33862,9.94508,5.75639
1.19740e+00,6.78407,0.58718,5.19630
9.87063e+00,4.21245,1.36672,2.40002
6.44436e+00,8.80233,0.51334,2.60648
7.06770e+00,3.38685,5.16075,8.53125
4.49596e+00,9.33896,3.93965,9.21689
4.36607e+00,7.00447,4.64834,0.07275
9.03262e+00,2.93415,3.56777,5.50153
1.55032e+00,5.35264,2.39266,9.05292
4.49900e+00,7.76627,6.51131,4.42463
7.09890e+00,7.24981,5.25943,8.85868
6.36671e-02,4.92315,4.32057,9.81009
6.98751e+00,5.21911,4.97718,9.97961
7.99652e+00,5.19491,4.04562,8.10251
3.91350e+00,9.53165,8.87837,5.58482
4.71637e+00,8.20462,7.40422,8.43502
7.69517e+00,8.99678,4.97762,9.39624
1.65885e+00,1.37984,7.51483,5.10321
5.50309e+00,9.61490,4.40111,2.31118
2.85053e+00,4.54250,5.26568,3.07203
3.76264e-01,4.03590,3.43700,2.07152
4.70749e+00,9.28674,8.02454,2.06378
7.73899e+00,0.73943,1.70733,5.87787
5.16837e+00,3.95122,6.18706,6.02808
9.54352e+00,2.30928,4.57237,1.11524
7.26159e+00,4.34719,7.15304,3.43759
9.56290e+00,2.25244,5.12991,4.95290
4.49124e+00,8.91087,4.84793,6.64774
7.57053e+00,1.36256,8.89366,5.75164
3.07191e+00,1.57831,8.59034,0.65405
1.95720e-01,1.37653,3.99754,9.79473
3.64339e+00,1.79204,6.07796,8.12356
3.77066e+00,3.30715,1.90861,0.76277
6.65507e+00,4.89971,7.49900,3.35752
5.05673e+00,4.87203,4.96693,9.42593
4.82403e+00,4.50362,5.48126,3.13896
2.33425e+00,4.37996,2.72954,7.79819
7.26297e+00,3.38697,7.28109,8.60194
2.29296e+00,7.81035,5.81141,7.76999
3.39166e+00,1.83985,0.61113,0.24336
7.04790e+00,7.80617,0.63899,3.32612
1.60433e+00,5.48802,3.88017,3.50958
6.60890e+00,7.95600,0.20341,6.43777
9.61969e+00,3.75630,6.00421,1.99683
5.77254e+00,7.53199,7.78303,6.72806
2.04437e+00,9.85162,6.74299,1.34631
2.03534e+00,7.41668,4.74395,8.27728
4.36126e+00,4.36880,4.68799,3.29964
7.51443e+00,3.92078,0.97614,6.90425
7.53325e+00,5.76760,9.96472,2.87316
8.39641e+00,2.70887,6.72042,6.37100
7.35590e+00,8.59209,0.93910,2.38742
5.33239e+00,3.05663,9.58686,5.28562
4.10389e+00,2.45723,6.68384,4.81874
6.90356e+00,6.58334,5.00293,5.17569
4.50862e-02,5.68537,2.54555,9.70294
2.01397e+00,8.42827,0.18063,8.78525
6.72403e+00,1.09097,5.72624,7.18572
6.63976e+00,3.67838,2.89606,0.31861
1.82911e+00,2.53362,9.36039,1.32712
2.90846e+00,9.91922,4.98027,7.11880
3.95543e+00,2.37396,7.74517,3.87446
1.88111e+00,2.79697,8.12430,9.13190
5.76767e+00,7.70157,8.59157,7.14804
6.60600e+00,2.53149,1.10738,3.94165
5.05426e+00,2.51842,8.21264,2.46696
6.61932e+00,7.87011,5.11784,6.75269
5.19435e-01,8.60431,2.08112,1.68178
2.53536e+00,2.01562,9.03763,7.61796
9.14400e+00,2.66254,4.64896,2.70711
2.69974e+00,7.53771,7.33663,4.18362
9.97146e+00,1.86824,7.87223,4.63772
6.88709e+00,8.80988,0.54913,9.00141
8.69768e+00,5.74191,2.34752,4.71479
7.33567e+00,1.64159,8.01989,1.82436
2.53156e+00,3.28555,2.76801,5.93284
6.64212e-01,5.11871,6.61290,1.43283
7.57967e+00,1.97013,2.50517,8.68208
2.70103e+00,3.71300,6.65215,9.73263
2.65975e+00,1.75331,1.60209,4.94952
1.74623e+00,6.37271,5.66394,2.15726
3.19353e+00,0.88753,9.24371,4.49571
1.66141e+00,0.40144,8.04098,6.82106
8.34689e+00,3.44373,1.15011,6.21400
7.09125e+00,9.47057,9.66634,4.11097
7.87429e+00,4.52481,5.95382,4.45963
9.16015e+00,9.37782,6.22468,3.83832
9.42391e+00,4.19967,2.85972,1.27811
2.30292e-01,3.98112,3.48903,7.45345
6.33233e+00,5.52583,0.93418,2.29170
8.39060e+00,5.75061,2.28565,2.92927
9.07362e+00,9.13848,3.07375,3.58953
8.63157e+00,9.78554,4.64020,3.13460
8.71887e+00,1.79224,0.35552,7.84171
3.75263e+00,6.77061,4.78956,0.77017
1.21903e+00,9.24145,1.89138,5.40428
3.78936e+00,4.13535,8.89765,7.88526
8.51810e+00,2.96253,4.26073,4.51167
3.97213e+00,7.17180,4.56051,6.34456
4.26306e-01,5.43264,4.51733,3.33863
5.44177e+00,8.73914,6.65537,0.60282
2.43828e+00,7.76798,1.67247,0.28945
7.22340e-01,5.13616,1.52581,3.39074
4.98104e+00,1.88540,4.63895,1.03874
7.04493e+00,2.90901,6.37203,6.67569
8.99108e+00,2.20925,7.92258,6.02062
9.50154e+00,8.39367,4.34780,3.63123
3.72314e+00,5.33043,0.77567,2.38407
3.22648e+00,0.68088,9.85428,5.26135
5.61972e+00,9.33478,3.76284,5.99888
5.81346e+00,3.27330,3.42119,9.54539
3.31234e+00,6.13523,3.17040,3.08772
3.58831e+00,1.45814,9.55375,8.01342
1.40151e+00,1.62952,2.61028,8.23739
6.19174e+00,8.04648,2.57508,5.02109
8.78471e+00,5.40417,7.95563,6.61579
6.19887e+00,2.03309,7.68804,5.60107
2.87442e+00,5.41314,1.12626,6.49329
6.45448e+00,7.85441,3.96847,4.05621
1.14425e+00,3.32227,8.02344,2.86123
9.55003e+00,6.99925,1.67138,0.00240
4.87389e+00,0.60774,0.20042,4.08282
3.71398e+00,2.61011,5.90212,9.59190
4.54247e+00,1.97143,0.47538,6.21959
9.20231e+00,5.04125,4.12166,9.86193
3.64526e+00,0.55191,7.20924,4.05480
3.16832e+00,6.35972,3.85254,9.60243
9.95153e+00,2.18648,5.88600,9.40286
9.99317e+00,0.87035,6.62831,5.50616
6.67961e+00,0.56252,6.04397,1.36495
2.56696e+00,5.22949,0.54942,4.21466
7.75447e+00,6.49230,6.20285,8.15819
9.33387e+00,2.57378,8.85456,7.01747
3.38574e+00,0.02602,5.72306,0.05617
2.28386e+00,6.72639,7.96183,8.81052
4.21203e+00,0.95599,1.27356,8.61177
2.59576e+00,1.06822,8.25767,4.07822
4.98925e+00,2.80539,9.54933,7.54208
1.80162e+00,4.05168,2.30226,1.30751
4.14068e+00,5.31219,1.99642,2.92907
8.03493e+00,2.01477,2.23018,5.44231
9.12775e+00,9.86329,4.14648,0.14895
7.62087e+00,2.97849,2.50364,5.90125
1.19128e+00,3.71445,7.97771,9.29405
6.00560e+00,9.36307,4.61495,5.57686
3.15248e+00,6.89912,2.19557,8.37072
3.25327e+00,7.28353,5.60393,5.19079
5.76919e+00,9.64499,4.45160,2.35284
4.19270e+00,7.11647,8.80789,2.42668
2.05967e+00,3.97835,5.18737,7.81864
8.13286e+00,9.32518,2.89622,4.29427
8.90507e+00,9.30046,5.77588,8.45827
8.20779e+00,2.43135,3.77589,9.68282
5.78521e+00,3.64746,8.24815,7.72335
2.73795e+00,2.04009,8.70283,3.97939
5.43497e+00,4.06272,3.33734,4.50016
4.26063e-01,7.90618,4.64267,8.21970
7.08853e+00,7.16838,1.59869,7.89362
5.26967e+00,1.32395,4.29837,6.29903
4.35302e+00,0.32316,5.94107,5.75777
6.63326e+00,9.45388,8.41831,4.76543
1.87134e-01,4.43805,9.86127,8.03477
2.01308e+00,6.25729,7.20280,3.50465
2.49415e+00,2.15590,4.24917,9.73589
6.21924e+00,0.10450,9.74786,0.41537
2.86967e-01,3.53138,3.66914,9.55287
3.65405e-01,4.17870,4.08589,6.42247
2.39299e+00,4.75043,1.28742,1.37979
6.69193e-01,0.33803,5.19667,0.17246
4.71807e+00,9.42839,7.05782,9.02026
9.97427e+00,6.21472,1.51434,3.83901
6.62757e+00,1.39086,7.78912,6.51218
9.60547e+00,5.12777,0.53310,6.79230
8.42441e+00,9.95684,6.29183,2.63143
8.87541e+00,6.87511,5.25688,3.98123
4.09942e+00,6.21758,7.12870,5.55896
9.83427e+00,9.15468,8.41925,5.90542
6.12408e+00,3.68303,4.83311,5.38800
7.82973e+00,4.28810,0.07748,8.98274
3.08909e+00,8.74107,6.59615,3.69890
4.86680e+00,0.27325,9.69834,3.69058
3.69429e+00,8.61298,8.42970,8.13718
1.26761e+00,3.56812,7.34646,4.17203
4.27162e+00,7.03750,7.40189,5.15716
4.52302e-01,6.60863,0.24214,6.45826
8.67155e+00,8.22509,2.80898,7.07397
7.31149e+00,9.79068,3.16107,8.43877
6.51613e-01,1.84520,3.08269,9.99244
7.62374e+00,4.81345,9.84058,5.39166
9.81232e+00,8.20731,0.55817,7.85153
3.03378e+00,9.90569,2.52844,5.25013
7.07481e+00,7.30931,2.72320,0.56237
4.30963e+00,5.33696,1.65840,7.75651
6.43880e+00,8.72396,8.25633,3.76970
2.72864e+00,6.93915,4.78930,8.66350
6.20349e+00,1.10162,8.49275,2.55623
8.27967e+00,5.69754,9.13735,5.26852
7.31907e+00,1.58982,1.66719,8.53117
6.24828e+00,8.55916,2.83433,9.40563
6.84095e-01,5.81925,4.00939,7.54026
5.33658e+00,4.58698,6.98194,2.88377
5.95925e+00,8.48905,2.68354,0.90998
1.24377e+00,8.35818,0.83410,5.12980
8.22078e+00,3.16886,5.60313,5.93279
5.44145e+00,5.73308,2.50813,8.28488
2.49738e+00,6.64722,1.89760,1.24611
7.63236e+00,0.24671,6.76642,4.25145
1.45560e+00,5.00289,2.63749,5.13598
9.61125e+00,6.34183,3.58895,9.97935
5.39997e+00,4.29689,2.24572,1.94347
9.09143e+00,0.26475,5.66251,9.95740
8.40562e+00,8.35998,4.02554,6.49184
9.17922e+00,8.57719,2.86185,9.90993
8.80889e+00,6.56001,3.27999,7.73404
1.42415e+00,5.71431,6.98048,3.28713
7.68569e+00,7.28096,1.95175,8.30258
9.01145e+00,2.02522,6.98321,9.76819
5.82346e+00,1.73408,7.90748,8.62671
3.02352e+00,9.89943,9.30919,2.40166
9.60972e+00,0.93025,2.90620,5.60162
3.14823e+00,5.16446,5.20324,8.86178
1.51029e+00,0.73813,5.73192,6.74837
6.32851e+00,4.03487,1.00690,8.86403
2.95478e-01,8.32297,0.40495,4.02526
7.91274e+00,2.44079,4.05868,9.95307
1.38779e+00,3.19876,2.39427,2.29677
9.87657e+00,3.03550,0.99903,3.01249
9.57319e+00,1.98033,4.91348,8.21584
7.69182e+00,8.07768,7.40244,5.85671
8.53560e+00,5.79683,1.09501,9.47713
9.86060e+00,3.42871,3.18538,1.85040
3.99726e+00,0.02193,3.93972,7.81555
8.99543e+00,0.87592,6.42329,5.54646
2.93158e+00,0.85028,2.62307,1.99184
4.64542e+00,7.59023,8.66988,9.36058
7.05737e+00,4.54732,1.61790,9.87869
4.78480e+00,5.23569,0.89700,3.40103
3.44047e+00,4.22132,6.09883,3.54490
1.31490e+00,8.13469,5.82307,8.48553
4.57243e+00,7.54203,1.85945,2.80734
5.38384e+00,0.98191,9.17497,0.90503
7.78434e+00,7.80326,8.92443,7.59664
2.37754e+00,4.66700,3.68840,7.00907
1.28974e+00,0.65771,8.84904,2.50595
6.19925e+00,4.79520,9.22293,4.65815
4.91444e+00,8.44337,8.81172,1.28502
3.43032e+00,2.76119,2.21924,3.38441
7.07268e+00,3.27522,4.38205,8.06553
9.08142e+00,4.31836,2.19391,4.42176
7.79147e-01,3.74840,4.88800,3.53111
7.93789e+00,2.58511,5.09756,5.80097
8.52340e+00,5.35302,0.73254,7.27514
9.85709e+00,1.22540,1.17543,2.83962
8.67549e+00,2.10041,0.54347,3.55665
9.25979e-01,7.80597,5.61255,8.77000
5.70357e+00,2.00294,2.96565,0.20936
6.90277e+00,4.42683,8.99842,1.09529
2.50444e+00,7.87165,3.33911,7.61556
7.29188e+00,4.05155,8.71546,2.98677
8.09710e+00,0.86039,3.69091,3.03388
2.45019e+00,6.23240,6.79153,7.88016
2.39997e+00,4.61687,9.14063,3.50207
5.08884e+00,3.52954,4.36687,7.24939
9.59064e+00,3.46855,5.10518,5.19836
5.39991e+00,2.20194,0.76516,8.04172
8.89446e-01,0.09853,7.10754,1.49439
8.00108e+00,1.25977,7.31997,5.64956
7.14472e+00,5.53709,1.30657,3.97887
6.44152e+00,8.70476,7.32764,9.88559
8.74777e+00,9.86797,0.97469,5.23459
2.28692e+00,2.92055,7.66400,3.89291
8.99430e-02,0.32546,4.48762,4.19621
9.94354e+00,9.95222,2.99219,1.15179
1.39984e+00,0.90221,2.31892,5.67833
2.61024e+00,0.20308,7.24238,1.28136
8.74566e+00,9.26889,6.64674,8.05401
1.74978e-01,3.64799,9.74537,7.16710
8.49711e+00,6.49475,7.37338,8.87914
6.31083e-01,8.84937,8.92292,5.78336
1.00215e+00,6.82556,2.13974,3.61403
7.04553e+00,9.11098,7.29043,2.02217
2.07128e+00,3.84300,9.07400,1.09605
5.08353e+00,2.81071,9.79708,1.33976
3.58033e+00,1.63380,6.46803,8.73875
4.59814e-01,9.75344,9.43177,8.76210
1.64036e+00,6.02289,3.20916,7.42067
1.27728e+00,3.15853,9.38403,9.31594
6.27068e+00,8.69012,3.36220,3.07863
2.92290e+00,9.09097,3.54174,8.70989
4.23252e+00,7.97488,7.74378,0.89918
4.92546e+00,4.86006,7.27293,7.69356
9.64338e+00,8.67241,6.77868,6.68417
7.39032e+00,5.17053,0.25949,1.70079
9.34103e+00,3.92746,0.72599,4.05380
5.07666e+00,9.74929,8.36503,4.60466
7.11054e+00,2.65190,2.17431,2.41669
8.27640e+00,2.99297,1.53246,8.97764
2.45832e+00,6.88738,8.63649,5.55632
6.62937e+00,9.14717,3.26400,2.59484
9.36331e+00,7.27091,9.92926,9.40078
8.88297e+00,6.79610,8.19521,6.14454
1.11231e+00,8.60726,4.88993,7.94794
9.65015e+00,2.36407,9.55068,2.46741
4.09495e+00,8.42794,7.29281,2.17695
5.50522e+00,0.12860,7.31473,3.35046
6.19717e+00,5.48337,7.45301,8.80978
7.82915e+00,8.37268,0.77322,8.95471
6.36099e+00,6.46425,5.11881,4.18774
1.87088e+00,7.57926,3.09532,0.64523
9.54303e+00,7.87323,5.79276,9.16717
7.05272e+00,4.88130,4.32367,1.96054
9.88524e+00,2.42837,3.32880,6.07209
4.79232e+00,0.04155,5.05673,8.76248
4.03930e+00,2.07760,4.33706,9.10196
5.61125e+00,3.02577,8.18599,3.46326
9.88405e+00,9.36753,1.54810,9.96775
3.31278e+00,4.47266,2.63919,0.38251
6.89040e+00,6.10658,0.24062,4.57740
5.66332e+00,0.20232,3.34791,1.75579
9.80976e-02,8.75605,1.01136,5.27760
2.07669e+00,2.59900,7.30568,7.60562
5.88853e+00,1.46216,2.91393,2.54946
7.20155e+00,1.68688,9.57097,3.95937
3.19465e+00,7.35829,1.13239,0.91989
7.32334e+00,4.43467,9.59405,1.62244
8.85654e-01,8.66639,1.26483,4.71747
3.05969e+00,6.76292,0.82129,5.67089
2.67745e+00,1.59321,5.68755,6.68165
5.00261e-01,1.01679,7.93252,2.24411
6.39200e+00,1.04685,1.42392,9.13474
2.74619e+00,0.53050,4.64003,5.28068
4.20116e+00,7.53678,2.82204,3.01674
3.42779e+00,3.08426,6.44791,7.62199
5.06017e+00,1.88917,2.48311,9.82109
2.18297e+00,8.05643,8.86801,2.92802
1.88485e+00,7.87865,8.55028,1.16057
5.14935e+00,5.56959,6.03452,8.52459
2.90742e+00,6.22599,7.79108,2.80184
3.41956e+00,0.93772,2.44768,6.70283
5.91651e+00,7.64343,4.60732,3.98163
8.28453e+00,2.94600,5.67829,1.12153
2.76032e+00,7.83420,7.33236,0.09471
7.85819e+00,7.29999,9.33052,3.44271
1.33671e+00,1.16528,1.62973,6.20310
6.68073e-01,8.80377,5.76438,1.43342
7.18753e+00,9.54437,8.74136,9.63723
8.03928e+00,1.30706,9.24889,6.78851
3.81410e+00,4.98788,7.29290,3.01348
7.10022e+00,8.22585,4.39584,3.93253
2.38745e+00,8.26347,0.17311,5.81436
9.76047e+00,3.80337,2.58887,5.53962
7.63170e+00,3.08279,3.86451,7.54481
3.70748e+00,5.82962,6.73378,2.00463
5.84387e+00,1.35332,6.17952,8.39877
8.87433e+00,8.02325,6.23258,4.10837
4.69162e+00,3.71001,1.96018,9.11763
4.61658e+00,3.03431,4.10842,5.62760
7.73356e+00,1.62743,0.84505,3.60287
2.61290e+00,0.85170,7.87440,5.50368
3.66408e+00,5.08329,0.67433,8.05436
9.75730e-01,2.26930,3.89652,0.67954
4.63235e-01,6.59883,8.79041,3.30548
7.98936e+00,5.01584,5.34414,2.09619
7.28564e-01,5.80502,7.83455,9.61867
6.76134e+00,8.68389,2.46061,0.45926
5.02798e+00,4.32550,7.66076,4.11410
6.13557e+00,8.36397,2.97941,8.11307
6.97462e+00,3.42060,4.69696,6.57100
9.83429e+00,8.21438,6.25864,7.90922
6.75367e+00,1.51305,4.97385,9.36959
5.91309e+00,7.03428,6.57862,2.51747
4.82416e+00,2.63248,9.35231,5.34748
4.95886e-01,8.50501,2.79957,9.08631
3.39273e+00,3.69783,5.91923,7.58764
8.78677e+00,4.60839,9.11852,5.16124
6.55026e+00,1.55489,9.92663,4.15572
8.02731e+00,4.95972,3.52891,7.38848
8.83436e+00,5.26563,1.27583,2.14047
6.15645e-01,9.98217,8.16676,0.93107
5.10058e+00,6.51179,5.18575,2.70510
5.08762e-02,0.75861,3.24787,1.95064
4.43975e+00,7.73325,1.02096,4.25890
5.36394e+00,9.41454,4.08648,6.67848
2.36283e+00,2.86743,2.80301,0.02706
7.90797e-01,0.60132,4.33998,8.54018
9.96239e-02,2.27198,1.02976,4.66507
6.22728e+00,9.42245,7.18342,2.53797
2.43021e+00,3.34521,7.70531,6.26240
3.07413e+00,4.52545,0.51856,4.29934
3.97745e+00,8.94700,4.76132,2.18506
5.96406e+00,0.55478,8.81303,9.77982
2.35856e+00,8.14601,4.00708,0.37352
3.72006e+00,0.91398,8.88384,0.09162
7.80672e+00,9.33498,5.45312,9.60053
1.70302e-01,5.61733,4.14621,9.51248
9.62262e+00,3.61653,0.05732,5.82296
2.12878e+00,0.36086,7.32651,1.69810
7.20184e+00,6.46907,6.82983,7.70043
7.44330e+00,1.75845,4.75541,5.99937
8.98450e+00,8.68759,5.19867,2.69620
5.79358e+00,9.15309,3.03954,6.01838
3.13502e+00,8.16520,2.18176,8.76465
9.22332e+00,5.64256,8.63900,4.71051
3.93594e-01,6.29168,2.30287,7.62929
7.29673e+00,3.12463,0.20557,2.01624
9.07255e-02,9.57844,6.03432,5.10884
2.10023e+00,1.36385,2.20545,9.58353
2.57474e+00,7.70414,0.69907,7.22145
1.13963e+00,4.01381,8.05853,2.07532
2.55135e+00,3.38418,4.26376,5.87565
1.81113e+00,9.40397,4.22606,5.79339
8.82668e+00,5.86194,5.60447,9.82427
5.98138e+00,0.23892,7.27537,6.50798
5.85977e+00,4.64467,8.76958,8.93492
7.92528e+00,9.32223,8.49926,8.15680
8.12105e-01,0.35670,8.20766,8.80982
9.94692e+00,8.41576,3.63424,7.79637
5.59210e+00,0.26340,7.11950,3.87651
1.66271e-01,5.66305,6.26600,4.60215
7.44021e+00,0.36033,0.77799,6.34136
4.29086e+00,8.54086,9.21300,1.14176
6.37811e+00,3.88128,7.98397,5.39086
5.35194e+00,8.30303,3.43747,3.24274
2.93272e+00,0.40351,9.97668,9.59932
5.30952e+00,6.83359,4.09031,9.60621
3.81296e+00,2.31747,8.96613,8.99921
3.73479e+00,6.22678,2.34718,6.36744
1.57896e+00,5.22091,4.61694,4.48823
3.90638e+00,4.65885,1.59321,9.55892
5.95874e+00,4.72396,4.86206,9.80198
2.23501e+00,1.26619,5.77644,4.85698
9.91478e+00,1.75334,7.32721,6.53316
3.57293e+00,2.01166,8.04863,3.92963
7.66676e+00,6.25019,3.47491,2.66227
5.27407e+00,3.99185,1.87591,8.51309
6.33083e+00,7.41533,0.07576,5.55581
1.97808e+00,9.15350,6.71008,8.91817
8.79963e+00,2.84173,0.90089,5.89024
5.55819e+00,5.59945,2.71145,0.80178
5.67352e+00,0.85732,8.33258,4.28272
7.94719e-01,5.29182,8.53148,8.65499
6.83326e+00,3.92364,2.36628,6.11393
3.48447e+00,0.23651,3.76564,7.00921
8.50111e+00,0.93067,2.02063,1.93685
7.21920e+00,0.25015,8.03031,8.15551
9.16667e+00,4.96087,3.66055,1.43632
8.97685e+00,9.75626,0.31324,6.97892
4.40236e+00,3.39916,0.73102,5.24821
1.96636e+00,0.14493,2.30937,3.09096
7.79624e+00,6.88985,8.47916,5.37525
1.67511e+00,8.90352,8.65707,3.47430
7.54638e+00,6.71387,0.80043,6.23555
5.05596e+00,1.11675,2.15920,0.57113
6.44344e+00,7.47437,1.33609,2.91656
6.38343e+00,9.80939,0.29497,7.77422
1.30029e+00,1.99522,4.91608,8.08489
1.42977e+00,0.58784,0.90752,0.85181
9.20238e+00,7.67988,6.78823,1.07521
7.97460e+00,2.96660,2.42136,4.18368
3.98190e-01,5.52911,6.55261,6.60141
2.74664e+00,6.90440,7.12671,8.50508
1.54166e-01,9.52925,5.78720,1.56845
3.05166e-01,4.36671,4.37014,7.11988
3.75418e+00,7.03863,9.98034,8.58985
3.95916e+00,5.27157,6.50903,5.32879
9.32359e+00,5.83107,6.17588,2.53231
9.36251e+00,9.25698,3.78793,6.96585
8.43837e-01,3.81591,3.61977,8.00806
7.45825e-01,9.28134,1.68033,3.02381
4.71466e-01,5.07202,4.31594,6.44445
8.57374e+00,8.92904,7.24230,9.86268
1.68919e+00,8.10533,0.76719,1.34188
9.46158e+00,8.80175,2.20177,9.82347
4.59313e+00,3.55257,6.44057,5.99226
7.23233e+00,6.45793,7.21203,0.27627
2.98080e+00,0.75646,9.87598,7.01934
9.25241e+00,8.94648,3.38392,4.97896
2.67085e+00,1.22907,7.59589,5.78444
9.65068e+00,1.58151,3.67099,6.61352
6.93600e+00,0.19637,4.51798,3.95881
6.22069e+00,8.35449,2.00902,5.84285
1.67290e-01,7.15845,5.46374,1.81490
1.49143e+00,5.31396,6.61488,2.93679
7.91601e+00,7.25309,4.14457,3.10639
5.51666e+00,1.81963,4.26000,3.19729
7.71348e+00,1.98560,6.55883,8.61692
5.06779e+00,8.91294,9.75848,4.28389
