0.000000,0.000000,0.000000
0.020408,0.000000,0.027736
0.040816,0.000000,0.097811
0.061224,0.000000,0.178535
0.081633,0.000000,0.252793
0.102041,0.000000,0.317842
0.122449,0.000000,0.377020
0.142857,0.000000,0.433519
0.163265,0.000000,0.488540
0.183673,0.000000,0.541946
0.204082,0.000000,0.593247
0.224490,0.000000,0.642046
0.244898,0.000000,0.688098
0.265306,0.000000,0.731227
0.285714,0.000000,0.771281
0.306122,0.000000,0.808120
0.326531,0.000000,0.841614
0.346939,0.000000,0.871644
0.367347,0.000000,0.898110
0.387755,0.000000,0.920922
0.408163,0.000000,0.940006
0.428571,0.000000,0.955301
0.448980,0.000000,0.966757
0.469388,0.000000,0.974339
0.489796,0.000000,0.978023
0.510204,0.000000,0.977799
0.530612,0.000000,0.973665
0.551020,0.000000,0.965636
0.571429,0.000000,0.953735
0.591837,0.000000,0.938000
0.612245,0.000000,0.918482
0.632653,0.000000,0.895242
0.653061,0.000000,0.868356
0.673469,0.000000,0.837916
0.693878,0.000000,0.804023
0.714286,0.000000,0.766796
0.734694,0.000000,0.726371
0.755102,0.000000,0.682906
0.775510,0.000000,0.636557
0.795918,0.000000,0.587436
0.816327,0.000000,0.535650
0.836735,0.000000,0.481564
0.857143,0.000000,0.426086
0.877551,0.000000,0.370116
0.897959,0.000000,0.312633
0.918367,0.000000,0.249235
0.938776,0.000000,0.175104
0.959184,0.000000,0.093693
0.979592,0.000000,0.024838
1.000000,0.000000,0.000000
0.000000,0.020408,0.027736
0.020408,0.020408,0.042521
0.040816,0.020408,0.061430
0.061224,0.020408,0.091999
0.081633,0.020408,0.129121
0.102041,0.020408,0.166677
0.122449,0.020408,0.201647
0.142857,0.020408,0.233837
0.163265,0.020408,0.264095
0.183673,0.020408,0.293051
0.204082,0.020408,0.320853
0.224490,0.020408,0.347383
0.244898,0.020408,0.372473
0.265306,0.020408,0.395992
0.285714,0.020408,0.417846
0.306122,0.020408,0.437954
0.326531,0.020408,0.456247
0.346939,0.020408,0.472661
0.367347,0.020408,0.487141
0.387755,0.020408,0.499639
0.408163,0.020408,0.510112
0.428571,0.020408,0.518527
0.448980,0.020408,0.524857
0.469388,0.020408,0.529083
0.489796,0.020408,0.531190
0.510204,0.020408,0.531174
0.530612,0.020408,0.529033
0.551020,0.020408,0.524775
0.571429,0.020408,0.518413
0.591837,0.020408,0.509966
0.612245,0.020408,0.499462
0.632653,0.020408,0.486935
0.653061,0.020408,0.472426
0.673469,0.020408,0.455983
0.693878,0.020408,0.437663
0.714286,0.020408,0.417533
0.734694,0.020408,0.395665
0.755102,0.020408,0.372130
0.775510,0.020408,0.346987
0.795918,0.020408,0.320340
0.816327,0.020408,0.292438
0.836735,0.020408,0.263623
0.857143,0.020408,0.233863
0.877551,0.020408,0.202222
0.897959,0.020408,0.167361
0.918367,0.020408,0.129596
0.938776,0.020408,0.092753
0.959184,0.020408,0.062941
0.979592,0.020408,0.043382
1.000000,0.020408,0.024838
0.000000,0.040816,0.098176
0.020408,0.040816,0.061903
0.040816,0.040816,0.032516
0.061224,0.040816,0.023299
0.081633,0.040816,0.031600
0.102041,0.040816,0.047462
0.122449,0.040816,0.063062
0.142857,0.040816,0.075790
0.163265,0.040816,0.086284
0.183673,0.040816,0.095763
0.204082,0.040816,0.104853
0.224490,0.040816,0.113642
0.244898,0.040816,0.122028
0.265306,0.040816,0.129916
0.285714,0.040816,0.137255
0.306122,0.040816,0.144017
0.326531,0.040816,0.150179
0.346939,0.040816,0.155721
0.367347,0.040816,0.160626
0.387755,0.040816,0.164875
0.408163,0.040816,0.168456
0.428571,0.040816,0.171356
0.448980,0.040816,0.173566
0.469388,0.040816,0.175080
0.489796,0.040816,0.175892
0.510204,0.040816,0.176001
0.530612,0.040816,0.175405
0.551020,0.040816,0.174107
0.571429,0.040816,0.172111
0.591837,0.040816,0.169424
0.612245,0.040816,0.166053
0.632653,0.040816,0.162011
0.653061,0.040816,0.157309
0.673469,0.040816,0.151964
0.693878,0.040816,0.145995
0.714286,0.040816,0.139428
0.734694,0.040816,0.132285
0.755102,0.040816,0.124565
0.775510,0.040816,0.116252
0.795918,0.040816,0.107445
0.816327,0.040816,0.098506
0.836735,0.040816,0.089756
0.857143,0.040816,0.080429
0.877551,0.040816,0.068153
0.897959,0.040816,0.051290
0.918367,0.040816,0.033670
0.938776,0.040816,0.025813
0.959184,0.040816,0.037316
0.979592,0.040816,0.065381
1.000000,0.040816,0.092422
0.000000,0.061224,0.180944
0.020408,0.061224,0.093715
0.040816,0.061224,0.023677
0.061224,0.061224,-0.013757
0.081633,0.061224,-0.022527
0.102041,0.061224,-0.017557
0.122449,0.061224,-0.011304
0.142857,0.061224,-0.008477
0.163265,0.061224,-0.008511
0.183673,0.061224,-0.009611
0.204082,0.061224,-0.010717
0.224490,0.061224,-0.011579
0.244898,0.061224,-0.012267
0.265306,0.061224,-0.012871
0.285714,0.061224,-0.013423
0.306122,0.061224,-0.013925
0.326531,0.061224,-0.014373
0.346939,0.061224,-0.014763
0.367347,0.061224,-0.015093
0.387755,0.061224,-0.015362
0.408163,0.061224,-0.015571
0.428571,0.061224,-0.015717
0.448980,0.061224,-0.015801
0.469388,0.061224,-0.015823
0.489796,0.061224,-0.015783
0.510204,0.061224,-0.015680
0.530612,0.061224,-0.015515
0.551020,0.061224,-0.015289
0.571429,0.061224,-0.015001
0.591837,0.061224,-0.014654
0.612245,0.061224,-0.014247
0.632653,0.061224,-0.013782
0.653061,0.061224,-0.013261
0.673469,0.061224,-0.012687
0.693878,0.061224,-0.012057
0.714286,0.061224,-0.011369
0.734694,0.061224,-0.010628
0.755102,0.061224,-0.009880
0.775510,0.061224,-0.009188
0.795918,0.061224,-0.008427
0.816327,0.061224,-0.007088
0.836735,0.061224,-0.004843
0.857143,0.061224,-0.003150
0.877551,0.061224,-0.005775
0.897959,0.061224,-0.014744
0.918367,0.061224,-0.023028
0.938776,0.061224,-0.013485
0.959184,0.061224,0.028526
0.979592,0.061224,0.098622
1.000000,0.061224,0.174900
0.000000,0.081633,0.260194
0.020408,0.081633,0.133442
0.040816,0.081633,0.032367
0.061224,0.081633,-0.023251
0.081633,0.081633,-0.039081
0.102041,0.081633,-0.035433
0.122449,0.081633,-0.029461
0.142857,0.081633,-0.027885
0.163265,0.081633,-0.030154
0.183673,0.081633,-0.033878
0.204082,0.081633,-0.037577
0.224490,0.081633,-0.040862
0.244898,0.081633,-0.043804
0.265306,0.081633,-0.046509
0.285714,0.081633,-0.049019
0.306122,0.081633,-0.051332
0.326531,0.081633,-0.053435
0.346939,0.081633,-0.055319
0.367347,0.081633,-0.056977
0.387755,0.081633,-0.058403
0.408163,0.081633,-0.059594
0.428571,0.081633,-0.060545
0.448980,0.081633,-0.061254
0.469388,0.081633,-0.061719
0.489796,0.081633,-0.061938
0.510204,0.081633,-0.061911
0.530612,0.081633,-0.061639
0.551020,0.081633,-0.061121
0.571429,0.081633,-0.060359
0.591837,0.081633,-0.059356
0.612245,0.081633,-0.058115
0.632653,0.081633,-0.056638
0.653061,0.081633,-0.054932
0.673469,0.081633,-0.053003
0.693878,0.081633,-0.050853
0.714286,0.081633,-0.048481
0.734694,0.081633,-0.045902
0.755102,0.081633,-0.043186
0.775510,0.081633,-0.040419
0.795918,0.081633,-0.037412
0.816327,0.081633,-0.033476
0.836735,0.081633,-0.028248
0.857143,0.081633,-0.023875
0.877551,0.081633,-0.025558
0.897959,0.081633,-0.035789
0.918367,0.081633,-0.044406
0.938776,0.081633,-0.027467
0.959184,0.081633,0.035456
0.979592,0.081633,0.139298
1.000000,0.081633,0.256049
0.000000,0.102041,0.334132
0.020408,0.102041,0.175616
0.040816,0.102041,0.049117
0.061224,0.102041,-0.019484
0.081633,0.102041,-0.037246
0.102041,0.102041,-0.029954
0.122449,0.102041,-0.019526
0.142857,0.102041,-0.014696
0.163265,0.102041,-0.014896
0.183673,0.102041,-0.017121
0.204082,0.102041,-0.019469
0.224490,0.102041,-0.021424
0.244898,0.102041,-0.023070
0.265306,0.102041,-0.024549
0.285714,0.102041,-0.025921
0.306122,0.102041,-0.027194
0.326531,0.102041,-0.028357
0.346939,0.102041,-0.029404
0.367347,0.102041,-0.030330
0.387755,0.102041,-0.031134
0.408163,0.102041,-0.031812
0.428571,0.102041,-0.032364
0.448980,0.102041,-0.032787
0.469388,0.102041,-0.033081
0.489796,0.102041,-0.033245
0.510204,0.102041,-0.033278
0.530612,0.102041,-0.033182
0.551020,0.102041,-0.032955
0.571429,0.102041,-0.032598
0.591837,0.102041,-0.032112
0.612245,0.102041,-0.031499
0.632653,0.102041,-0.030760
0.653061,0.102041,-0.029897
0.673469,0.102041,-0.028914
0.693878,0.102041,-0.027809
0.714286,0.102041,-0.026575
0.734694,0.102041,-0.025225
0.755102,0.102041,-0.023846
0.775510,0.102041,-0.022529
0.795918,0.102041,-0.021009
0.816327,0.102041,-0.018387
0.836735,0.102041,-0.014244
0.857143,0.102041,-0.011429
0.877551,0.102041,-0.016624
0.897959,0.102041,-0.032858
0.918367,0.102041,-0.046851
0.938776,0.102041,-0.027755
0.959184,0.102041,0.050790
0.979592,0.102041,0.182779
1.000000,0.102041,0.332347
0.000000,0.122449,0.406896
0.020408,0.122449,0.217768
0.040816,0.122449,0.066489
0.061224,0.122449,-0.014430
0.081633,0.122449,-0.033278
0.102041,0.122449,-0.021412
0.122449,0.122449,-0.005635
0.142857,0.122449,0.003263
0.163265,0.122449,0.005879
0.183673,0.122449,0.005863
0.204082,0.122449,0.005547
0.224490,0.122449,0.005577
0.244898,0.122449,0.005852
0.265306,0.122449,0.006191
0.285714,0.122449,0.006510
0.306122,0.122449,0.006792
0.326531,0.122449,0.007042
0.346939,0.122449,0.007262
0.367347,0.122449,0.007452
0.387755,0.122449,0.007611
0.408163,0.122449,0.007738
0.428571,0.122449,0.007831
0.448980,0.122449,0.007891
0.469388,0.122449,0.007916
0.489796,0.122449,0.007906
0.510204,0.122449,0.007861
0.530612,0.122449,0.007781
0.551020,0.122449,0.007666
0.571429,0.122449,0.007517
0.591837,0.122449,0.007336
0.612245,0.122449,0.007122
0.632653,0.122449,0.006877
0.653061,0.122449,0.006602
0.673469,0.122449,0.006298
0.693878,0.122449,0.005972
0.714286,0.122449,0.005639
0.734694,0.122449,0.005286
0.755102,0.122449,0.004815
0.775510,0.122449,0.004124
0.795918,0.122449,0.003566
0.816327,0.122449,0.004260
0.836735,0.122449,0.006692
0.857143,0.122449,0.007299
0.877551,0.122449,-0.002135
0.897959,0.122449,-0.025223
0.918367,0.122449,-0.045533
0.938776,0.122449,-0.025208
0.959184,0.122449,0.068033
0.979592,0.122449,0.226838
1.000000,0.122449,0.406658
0.000000,0.142857,0.482524
0.020408,0.142857,0.260170
0.040816,0.142857,0.082035
0.061224,0.142857,-0.012744
0.081633,0.142857,-0.033748
0.102041,0.142857,-0.018125
0.122449,0.142857,0.002237
0.142857,0.142857,0.014412
0.163265,0.142857,0.019040
0.183673,0.142857,0.020440
0.204082,0.142857,0.021401
0.224490,0.142857,0.022704
0.244898,0.142857,0.024233
0.265306,0.142857,0.025768
0.285714,0.142857,0.027202
0.306122,0.142857,0.028511
0.326531,0.142857,0.029697
0.346939,0.142857,0.030759
0.367347,0.142857,0.031695
0.387755,0.142857,0.032501
0.408163,0.142857,0.033173
0.428571,0.142857,0.033709
0.448980,0.142857,0.034106
0.469388,0.142857,0.034363
0.489796,0.142857,0.034478
0.510204,0.142857,0.034451
0.530612,0.142857,0.034282
0.551020,0.142857,0.033972
0.571429,0.142857,0.033522
0.591837,0.142857,0.032934
0.612245,0.142857,0.032211
0.632653,0.142857,0.031354
0.653061,0.142857,0.030368
0.673469,0.142857,0.029255
0.693878,0.142857,0.028027
0.714286,0.142857,0.026704
0.734694,0.142857,0.025274
0.755102,0.142857,0.023620
0.775510,0.142857,0.021628
0.795918,0.142857,0.019737
0.816327,0.142857,0.019296
0.836735,0.142857,0.020861
0.857143,0.142857,0.020134
0.877551,0.142857,0.007299
0.897959,0.142857,-0.021861
0.918367,0.142857,-0.047655
0.938776,0.142857,-0.025005
0.959184,0.142857,0.084367
0.979592,0.142857,0.271488
1.000000,0.142857,0.482822
0.000000,0.163265,0.563143
0.020408,0.163265,0.304125
0.040816,0.163265,0.096466
0.061224,0.163265,-0.014028
0.081633,0.163265,-0.038371
0.102041,0.163265,-0.019827
0.122449,0.163265,0.004356
0.142857,0.163265,0.019008
0.163265,0.163265,0.024814
0.183673,0.163265,0.026805
0.204082,0.163265,0.028251
0.224490,0.163265,0.030079
0.244898,0.163265,0.032157
0.265306,0.163265,0.034227
0.285714,0.163265,0.036163
0.306122,0.163265,0.037936
0.326531,0.163265,0.039544
0.346939,0.163265,0.040988
0.367347,0.163265,0.042263
0.387755,0.163265,0.043365
0.408163,0.163265,0.044289
0.428571,0.163265,0.045032
0.448980,0.163265,0.045589
0.469388,0.163265,0.045960
0.489796,0.163265,0.046142
0.510204,0.163265,0.046135
0.530612,0.163265,0.045939
0.551020,0.163265,0.045554
0.571429,0.163265,0.044983
0.591837,0.163265,0.044227
0.612245,0.163265,0.043289
0.632653,0.163265,0.042174
0.653061,0.163265,0.040885
0.673469,0.163265,0.039425
0.693878,0.163265,0.037810
0.714286,0.163265,0.036064
0.734694,0.163265,0.034172
0.755102,0.163265,0.031995
0.775510,0.163265,0.029405
0.795918,0.163265,0.026925
0.816327,0.163265,0.026142
0.836735,0.163265,0.027688
0.857143,0.163265,0.026486
0.877551,0.163265,0.011052
0.897959,0.163265,-0.023458
0.918367,0.163265,-0.053915
0.938776,0.163265,-0.027667
0.959184,0.163265,0.099799
0.979592,0.163265,0.317737
1.000000,0.163265,0.563391
0.000000,0.183673,0.649586
0.020408,0.183673,0.350756
0.040816,0.183673,0.111098
0.061224,0.183673,-0.016634
0.081633,0.183673,-0.045033
0.102041,0.183673,-0.023882
0.122449,0.183673,0.003881
0.142857,0.183673,0.020698
0.163265,0.183673,0.027308
0.183673,0.183673,0.029496
0.204082,0.183673,0.031045
0.224490,0.183673,0.033037
0.244898,0.183673,0.035327
0.265306,0.183673,0.037616
0.285714,0.183673,0.039759
0.306122,0.183673,0.041722
0.326531,0.183673,0.043504
0.346939,0.183673,0.045104
0.367347,0.183673,0.046519
0.387755,0.183673,0.047743
0.408163,0.183673,0.048772
0.428571,0.183673,0.049600
0.448980,0.183673,0.050224
0.469388,0.183673,0.050643
0.489796,0.183673,0.050854
0.510204,0.183673,0.050856
0.530612,0.183673,0.050649
0.551020,0.183673,0.050235
0.571429,0.183673,0.049615
0.591837,0.183673,0.048792
0.612245,0.183673,0.047768
0.632653,0.183673,0.046548
0.653061,0.183673,0.045136
0.673469,0.183673,0.043536
0.693878,0.183673,0.041764
0.714286,0.183673,0.039850
0.734694,0.183673,0.037773
0.755102,0.183673,0.035373
0.775510,0.183673,0.032501
0.795918,0.183673,0.029771
0.816327,0.183673,0.029019
0.836735,0.183673,0.030954
0.857143,0.183673,0.029673
0.877551,0.183673,0.011924
0.897959,0.183673,-0.027787
0.918367,0.183673,-0.062667
0.938776,0.183673,-0.032017
0.959184,0.183673,0.115284
0.979592,0.183673,0.366627
1.000000,0.183673,0.649631
0.000000,0.204082,0.742336
0.020408,0.204082,0.400726
0.040816,0.204082,0.126707
0.061224,0.204082,-0.019571
0.081633,0.204082,-0.052413
0.102041,0.204082,-0.028577
0.122449,0.204082,0.002906
0.142857,0.204082,0.021937
0.163265,0.204082,0.029309
0.183673,0.204082,0.031615
0.204082,0.204082,0.033186
0.224490,0.204082,0.035268
0.244898,0.204082,0.037702
0.265306,0.204082,0.040148
0.285714,0.204082,0.042440
0.306122,0.204082,0.044538
0.326531,0.204082,0.046443
0.346939,0.204082,0.048153
0.367347,0.204082,0.049665
0.387755,0.204082,0.050974
0.408163,0.204082,0.052073
0.428571,0.204082,0.052959
0.448980,0.204082,0.053627
0.469388,0.204082,0.054075
0.489796,0.204082,0.054302
0.510204,0.204082,0.054305
0.530612,0.204082,0.054085
0.551020,0.204082,0.053644
0.571429,0.204082,0.052982
0.591837,0.204082,0.052103
0.612245,0.204082,0.051010
0.632653,0.204082,0.049707
0.653061,0.204082,0.048199
0.673469,0.204082,0.046490
0.693878,0.204082,0.044599
0.714286,0.204082,0.042557
0.734694,0.204082,0.040342
0.755102,0.204082,0.037766
0.775510,0.204082,0.034663
0.795918,0.204082,0.031740
0.816327,0.204082,0.031098
0.836735,0.204082,0.033527
0.857143,0.204082,0.032242
0.877551,0.204082,0.012102
0.897959,0.204082,-0.033077
0.918367,0.204082,-0.072574
0.938776,0.204082,-0.037080
0.959184,0.204082,0.131599
0.979592,0.204082,0.418895
1.000000,0.204082,0.742221
0.000000,0.224490,0.841981
0.020408,0.224490,0.454450
0.040816,0.224490,0.143550
0.061224,0.224490,-0.022614
0.081633,0.224490,-0.060200
0.102041,0.224490,-0.033463
0.122449,0.224490,0.002034
0.142857,0.224490,0.023457
0.163265,0.224490,0.031663
0.183673,0.224490,0.034114
0.204082,0.224490,0.035725
0.224490,0.224490,0.037919
0.244898,0.224490,0.040522
0.265306,0.224490,0.043150
0.285714,0.224490,0.045613
0.306122,0.224490,0.047867
0.326531,0.224490,0.049912
0.346939,0.224490,0.051749
0.367347,0.224490,0.053372
0.387755,0.224490,0.054777
0.408163,0.224490,0.055957
0.428571,0.224490,0.056907
0.448980,0.224490,0.057623
0.469388,0.224490,0.058103
0.489796,0.224490,0.058344
0.510204,0.224490,0.058346
0.530612,0.224490,0.058108
0.551020,0.224490,0.057632
0.571429,0.224490,0.056918
0.591837,0.224490,0.055971
0.612245,0.224490,0.054795
0.632653,0.224490,0.053393
0.653061,0.224490,0.051770
0.673469,0.224490,0.049932
0.693878,0.224490,0.047898
0.714286,0.224490,0.045705
0.734694,0.224490,0.043325
0.755102,0.224490,0.040544
0.775510,0.224490,0.037175
0.795918,0.224490,0.034026
0.816327,0.224490,0.033483
0.836735,0.224490,0.036421
0.857143,0.224490,0.035109
0.877551,0.224490,0.012376
0.897959,0.224490,-0.038700
0.918367,0.224490,-0.083179
0.938776,0.224490,-0.042507
0.959184,0.224490,0.149119
0.979592,0.224490,0.475052
1.000000,0.224490,0.841767
0.000000,0.244898,0.949270
0.020408,0.244898,0.512300
0.040816,0.244898,0.161700
0.061224,0.244898,-0.025858
0.081633,0.244898,-0.068534
0.102041,0.244898,-0.038657
0.122449,0.244898,0.001172
0.142857,0.244898,0.025182
0.163265,0.244898,0.034299
0.183673,0.244898,0.036917
0.204082,0.244898,0.038583
0.224490,0.244898,0.040910
0.244898,0.244898,0.043705
0.265306,0.244898,0.046538
0.285714,0.244898,0.049195
0.306122,0.244898,0.051625
0.326531,0.244898,0.053829
0.346939,0.244898,0.055808
0.367347,0.244898,0.057558
0.387755,0.244898,0.059071
0.408163,0.244898,0.060342
0.428571,0.244898,0.061365
0.448980,0.244898,0.062136
0.469388,0.244898,0.062652
0.489796,0.244898,0.062911
0.510204,0.244898,0.062911
0.530612,0.244898,0.062653
0.551020,0.244898,0.062138
0.571429,0.244898,0.061367
0.591837,0.244898,0.060345
0.612245,0.244898,0.059075
0.632653,0.244898,0.057562
0.653061,0.244898,0.055810
0.673469,0.244898,0.053826
0.693878,0.244898,0.051632
0.714286,0.244898,0.049268
0.734694,0.244898,0.046703
0.755102,0.244898,0.043693
0.775510,0.244898,0.040028
0.795918,0.244898,0.036625
0.816327,0.244898,0.036179
0.836735,0.244898,0.039654
0.857143,0.244898,0.038299
0.877551,0.244898,0.012762
0.897959,0.244898,-0.044679
0.918367,0.244898,-0.094543
0.938776,0.244898,-0.048317
0.959184,0.244898,0.167997
0.979592,0.244898,0.535530
1.000000,0.244898,0.948977
0.000000,0.265306,1.065051
0.020408,0.265306,0.574696
0.040816,0.265306,0.181233
0.061224,0.265306,-0.029425
0.081633,0.265306,-0.077603
0.102041,0.265306,-0.044351
0.122449,0.265306,0.000135
0.142857,0.265306,0.026921
0.163265,0.265306,0.037004
0.183673,0.265306,0.039790
0.204082,0.265306,0.041503
0.224490,0.265306,0.043961
0.244898,0.265306,0.046953
0.265306,0.265306,0.049996
0.285714,0.265306,0.052852
0.306122,0.265306,0.055463
0.326531,0.265306,0.057831
0.346939,0.265306,0.059956
0.367347,0.265306,0.061835
0.387755,0.265306,0.063460
0.408163,0.265306,0.064825
0.428571,0.265306,0.065924
0.448980,0.265306,0.066752
0.469388,0.265306,0.067305
0.489796,0.265306,0.067583
0.510204,0.265306,0.067583
0.530612,0.265306,0.067305
0.551020,0.265306,0.066751
0.571429,0.265306,0.065923
0.591837,0.265306,0.064824
0.612245,0.265306,0.063459
0.632653,0.265306,0.061833
0.653061,0.265306,0.059951
0.673469,0.265306,0.057819
0.693878,0.265306,0.055462
0.714286,0.265306,0.052925
0.734694,0.265306,0.050170
0.755102,0.265306,0.046925
0.775510,0.265306,0.042953
0.795918,0.265306,0.039291
0.816327,0.265306,0.038962
0.836735,0.265306,0.043031
0.857143,0.265306,0.041647
0.877551,0.265306,0.013101
0.897959,0.265306,-0.051191
0.918367,0.265306,-0.106853
0.938776,0.265306,-0.054628
0.959184,0.265306,0.188337
0.979592,0.265306,0.600774
1.000000,0.265306,1.064669
0.000000,0.285714,1.190229
0.020408,0.285714,0.642107
0.040816,0.285714,0.202269
0.061224,0.285714,-0.033386
0.081633,0.285714,-0.087539
0.102041,0.285714,-0.050670
0.122449,0.285714,-0.001180
0.142857,0.285714,0.028573
0.163265,0.285714,0.039672
0.183673,0.285714,0.042611
0.204082,0.285714,0.044348
0.224490,0.285714,0.046923
0.244898,0.285714,0.050103
0.265306,0.285714,0.053352
0.285714,0.285714,0.056402
0.306122,0.285714,0.059190
0.326531,0.285714,0.061717
0.346939,0.285714,0.063985
0.367347,0.285714,0.065990
0.387755,0.285714,0.067724
0.408163,0.285714,0.069181
0.428571,0.285714,0.070353
0.448980,0.285714,0.071236
0.469388,0.285714,0.071827
0.489796,0.285714,0.072123
0.510204,0.285714,0.072123
0.530612,0.285714,0.071827
0.551020,0.285714,0.071235
0.571429,0.285714,0.070351
0.591837,0.285714,0.069179
0.612245,0.285714,0.067722
0.632653,0.285714,0.065987
0.653061,0.285714,0.063978
0.673469,0.285714,0.061703
0.693878,0.285714,0.059188
0.714286,0.285714,0.056483
0.734694,0.285714,0.053547
0.755102,0.285714,0.050070
0.775510,0.285714,0.045791
0.795918,0.285714,0.041874
0.816327,0.285714,0.041699
0.836735,0.285714,0.046439
0.857143,0.285714,0.045053
0.877551,0.285714,0.013286
0.897959,0.285714,-0.058381
0.918367,0.285714,-0.120280
0.938776,0.285714,-0.061539
0.959184,0.285714,0.210263
0.979592,0.285714,0.671270
1.000000,0.285714,1.189733
0.000000,0.306122,1.325758
0.020408,0.306122,0.715042
0.040816,0.306122,0.224960
0.061224,0.306122,-0.037789
0.081633,0.306122,-0.098440
0.102041,0.306122,-0.057688
0.122449,0.306122,-0.002820
0.142857,0.306122,0.030109
0.163265,0.306122,0.042273
0.183673,0.306122,0.045346
0.204082,0.306122,0.047080
0.224490,0.306122,0.049752
0.244898,0.306122,0.053109
0.265306,0.306122,0.056554
0.285714,0.306122,0.059790
0.306122,0.306122,0.062747
0.326531,0.306122,0.065426
0.346939,0.306122,0.067831
0.367347,0.306122,0.069956
0.387755,0.306122,0.071795
0.408163,0.306122,0.073339
0.428571,0.306122,0.074582
0.448980,0.306122,0.075518
0.469388,0.306122,0.076145
0.489796,0.306122,0.076459
0.510204,0.306122,0.076459
0.530612,0.306122,0.076144
0.551020,0.306122,0.075518
0.571429,0.306122,0.074581
0.591837,0.306122,0.073337
0.612245,0.306122,0.071793
0.632653,0.306122,0.069954
0.653061,0.306122,0.067824
0.673469,0.306122,0.065412
0.693878,0.306122,0.062747
0.714286,0.306122,0.059883
0.734694,0.306122,0.056773
0.755102,0.306122,0.053071
0.775510,0.306122,0.048488
0.795918,0.306122,0.044324
0.816327,0.306122,0.044346
0.836735,0.306122,0.049844
0.857143,0.306122,0.048490
0.877551,0.306122,0.013271
0.897959,0.306122,-0.066343
0.918367,0.306122,-0.134957
0.938776,0.306122,-0.069126
0.959184,0.306122,0.233927
0.979592,0.306122,0.747548
1.000000,0.306122,1.325118
0.000000,0.326531,1.472651
0.020408,0.326531,0.794042
0.040816,0.326531,0.249469
0.061224,0.326531,-0.042673
0.081633,0.326531,-0.110397
0.102041,0.326531,-0.065473
0.122449,0.326531,-0.004813
0.142857,0.326531,0.031521
0.163265,0.326531,0.044805
0.183673,0.326531,0.047991
0.204082,0.326531,0.049690
0.224490,0.326531,0.052440
0.244898,0.326531,0.055960
0.265306,0.326531,0.059592
0.285714,0.326531,0.063005
0.306122,0.326531,0.066123
0.326531,0.326531,0.068946
0.346939,0.326531,0.071480
0.367347,0.326531,0.073720
0.387755,0.326531,0.075658
0.408163,0.326531,0.077285
0.428571,0.326531,0.078595
0.448980,0.326531,0.079582
0.469388,0.326531,0.080242
0.489796,0.326531,0.080573
0.510204,0.326531,0.080573
0.530612,0.326531,0.080242
0.551020,0.326531,0.079581
0.571429,0.326531,0.078594
0.591837,0.326531,0.077284
0.612245,0.326531,0.075657
0.632653,0.326531,0.073719
0.653061,0.326531,0.071474
0.673469,0.326531,0.068931
0.693878,0.326531,0.066123
0.714286,0.326531,0.063110
0.734694,0.326531,0.059836
0.755102,0.326531,0.055917
0.775510,0.326531,0.051031
0.795918,0.326531,0.046628
0.816327,0.326531,0.046895
0.836735,0.326531,0.053246
0.857143,0.326531,0.051961
0.877551,0.326531,0.013035
0.897959,0.326531,-0.075156
0.918367,0.326531,-0.151010
0.938776,0.326531,-0.077459
0.959184,0.326531,0.259499
0.979592,0.326531,0.830173
1.000000,0.326531,1.471833
0.000000,0.346939,1.631992
0.020408,0.346939,0.879688
0.040816,0.346939,0.275969
0.061224,0.346939,-0.048085
0.081633,0.346939,-0.123511
0.102041,0.346939,-0.074095
0.122449,0.346939,-0.007190
0.142857,0.346939,0.032801
0.163265,0.346939,0.047265
0.183673,0.346939,0.050542
0.204082,0.346939,0.052174
0.224490,0.346939,0.054977
0.244898,0.346939,0.058648
0.265306,0.346939,0.062456
0.285714,0.346939,0.066038
0.306122,0.346939,0.069307
0.326531,0.346939,0.072267
0.346939,0.346939,0.074923
0.367347,0.346939,0.077271
0.387755,0.346939,0.079302
0.408163,0.346939,0.081007
0.428571,0.346939,0.082380
0.448980,0.346939,0.083415
0.469388,0.346939,0.084107
0.489796,0.346939,0.084454
0.510204,0.346939,0.084453
0.530612,0.346939,0.084107
0.551020,0.346939,0.083414
0.571429,0.346939,0.082379
0.591837,0.346939,0.081006
0.612245,0.346939,0.079301
0.632653,0.346939,0.077269
0.653061,0.346939,0.074916
0.673469,0.346939,0.072250
0.693878,0.346939,0.069308
0.714286,0.346939,0.066154
0.734694,0.346939,0.062727
0.755102,0.346939,0.058598
0.775510,0.346939,0.053412
0.795918,0.346939,0.048779
0.816327,0.346939,0.049341
0.836735,0.346939,0.056651
0.857143,0.346939,0.055473
0.877551,0.346939,0.012561
0.897959,0.346939,-0.084898
0.918367,0.346939,-0.168570
0.938776,0.346939,-0.086607
0.959184,0.346939,0.287163
0.979592,0.346939,0.919754
1.000000,0.346939,1.630957
0.000000,0.367347,1.804950
0.020408,0.367347,0.972603
0.040816,0.367347,0.304645
0.061224,0.367347,-0.054076
0.081633,0.367347,-0.137889
0.102041,0.367347,-0.083631
0.122449,0.367347,-0.009984
0.142857,0.367347,0.033938
0.163265,0.367347,0.049649
0.183673,0.367347,0.052991
0.204082,0.367347,0.054520
0.224490,0.367347,0.057353
0.244898,0.367347,0.061159
0.265306,0.367347,0.065133
0.285714,0.367347,0.068873
0.306122,0.367347,0.072285
0.326531,0.367347,0.075372
0.346939,0.367347,0.078142
0.367347,0.367347,0.080591
0.387755,0.367347,0.082709
0.408163,0.367347,0.084488
0.428571,0.367347,0.085920
0.448980,0.367347,0.086999
0.469388,0.367347,0.087721
0.489796,0.367347,0.088082
0.510204,0.367347,0.088082
0.530612,0.367347,0.087720
0.551020,0.367347,0.086998
0.571429,0.367347,0.085919
0.591837,0.367347,0.084487
0.612245,0.367347,0.082708
0.632653,0.367347,0.080589
0.653061,0.367347,0.078135
0.673469,0.367347,0.075354
0.693878,0.367347,0.072286
0.714286,0.367347,0.069002
0.734694,0.367347,0.065433
0.755102,0.367347,0.061102
0.775510,0.367347,0.055617
0.795918,0.367347,0.050764
0.816327,0.367347,0.051678
0.836735,0.367347,0.060061
0.857143,0.367347,0.059033
0.877551,0.367347,0.011829
0.897959,0.367347,-0.095657
0.918367,0.367347,-0.187779
0.938776,0.367347,-0.096648
0.959184,0.367347,0.317117
0.979592,0.367347,1.016943
1.000000,0.367347,1.803652
0.000000,0.387755,1.992793
0.020408,0.387755,1.073463
0.040816,0.387755,0.335699
0.061224,0.387755,-0.060702
0.081633,0.387755,-0.153652
0.102041,0.387755,-0.094167
0.122449,0.387755,-0.013236
0.142857,0.387755,0.034918
0.163265,0.387755,0.051948
0.183673,0.387755,0.055330
0.204082,0.387755,0.056716
0.224490,0.387755,0.059553
0.244898,0.387755,0.063478
0.265306,0.387755,0.067606
0.285714,0.387755,0.071493
0.306122,0.387755,0.075037
0.326531,0.387755,0.078242
0.346939,0.387755,0.081118
0.367347,0.387755,0.083659
0.387755,0.387755,0.085858
0.408163,0.387755,0.087705
0.428571,0.387755,0.089191
0.448980,0.387755,0.090311
0.469388,0.387755,0.091060
0.489796,0.387755,0.091436
0.510204,0.387755,0.091436
0.530612,0.387755,0.091060
0.551020,0.387755,0.090310
0.571429,0.387755,0.089190
0.591837,0.387755,0.087703
0.612245,0.387755,0.085857
0.632653,0.387755,0.083657
0.653061,0.387755,0.081109
0.673469,0.387755,0.078222
0.693878,0.387755,0.075038
0.714286,0.387755,0.071636
0.734694,0.387755,0.067936
0.755102,0.387755,0.063413
0.775510,0.387755,0.057631
0.795918,0.387755,0.052568
0.816327,0.387755,0.053895
0.836735,0.387755,0.063477
0.857143,0.387755,0.062646
0.877551,0.387755,0.010814
0.897959,0.387755,-0.107529
0.918367,0.387755,-0.208794
0.938776,0.387755,-0.107667
0.959184,0.387755,0.349573
0.979592,0.387755,1.122452
1.000000,0.387755,1.991177
0.000000,0.408163,2.196907
0.020408,0.408163,1.183006
0.040816,0.408163,0.369346
0.061224,0.408163,-0.068028
0.081633,0.408163,-0.170930
0.102041,0.408163,-0.105796
0.122449,0.408163,-0.016986
0.142857,0.408163,0.035729
0.163265,0.408163,0.054156
0.183673,0.408163,0.057549
0.204082,0.408163,0.058749
0.224490,0.408163,0.061560
0.244898,0.408163,0.065587
0.265306,0.408163,0.069855
0.285714,0.408163,0.073878
0.306122,0.408163,0.077543
0.326531,0.408163,0.080856
0.346939,0.408163,0.083828
0.367347,0.408163,0.086454
0.387755,0.408163,0.088726
0.408163,0.408163,0.090635
0.428571,0.408163,0.092171
0.448980,0.408163,0.093328
0.469388,0.408163,0.094102
0.489796,0.408163,0.094490
0.510204,0.408163,0.094490
0.530612,0.408163,0.094102
0.551020,0.408163,0.093327
0.571429,0.408163,0.092169
0.591837,0.408163,0.090633
0.612245,0.408163,0.088725
0.632653,0.408163,0.086452
0.653061,0.408163,0.083819
0.673469,0.408163,0.080834
0.693878,0.408163,0.077545
0.714286,0.408163,0.074036
0.734694,0.408163,0.070220
0.755102,0.408163,0.065514
0.775510,0.408163,0.059437
0.795918,0.408163,0.054175
0.816327,0.408163,0.055983
0.836735,0.408163,0.066901
0.857143,0.408163,0.066320
0.877551,0.408163,0.009491
0.897959,0.408163,-0.120617
0.918367,0.408163,-0.231784
0.938776,0.408163,-0.119758
0.959184,0.408163,0.384765
0.979592,0.408163,1.237054
1.000000,0.408163,2.194908
0.000000,0.428571,2.418814
0.020408,0.428571,1.302045
0.040816,0.428571,0.405826
0.061224,0.428571,-0.076121
0.081633,0.428571,-0.189866
0.102041,0.428571,-0.118619
0.122449,0.428571,-0.021280
0.142857,0.428571,0.036357
0.163265,0.428571,0.056267
0.183673,0.428571,0.059639
0.204082,0.428571,0.060606
0.224490,0.428571,0.063360
0.244898,0.428571,0.067470
0.265306,0.428571,0.071864
0.285714,0.428571,0.076010
0.306122,0.428571,0.079784
0.326531,0.428571,0.083194
0.346939,0.428571,0.086251
0.367347,0.428571,0.088953
0.387755,0.428571,0.091291
0.408163,0.428571,0.093254
0.428571,0.428571,0.094835
0.448980,0.428571,0.096026
0.469388,0.428571,0.096822
0.489796,0.428571,0.097221
0.510204,0.428571,0.097221
0.530612,0.428571,0.096822
0.551020,0.428571,0.096025
0.571429,0.428571,0.094833
0.591837,0.428571,0.093253
0.612245,0.428571,0.091289
0.632653,0.428571,0.088951
0.653061,0.428571,0.086241
0.673469,0.428571,0.083169
0.693878,0.428571,0.079786
0.714286,0.428571,0.076185
0.734694,0.428571,0.072266
0.755102,0.428571,0.067387
0.775510,0.428571,0.061017
0.795918,0.428571,0.055568
0.816327,0.428571,0.057930
0.836735,0.428571,0.070335
0.857143,0.428571,0.070062
0.877551,0.428571,0.007835
0.897959,0.428571,-0.135036
0.918367,0.428571,-0.256939
0.938776,0.428571,-0.133026
0.959184,0.428571,0.422947
0.979592,0.428571,1.361603
1.000000,0.428571,2.416354
0.000000,0.448980,2.660204
0.020408,0.448980,1.431479
0.040816,0.448980,0.445401
0.061224,0.448980,-0.085062
0.081633,0.448980,-0.210620
0.102041,0.448980,-0.132747
0.122449,0.448980,-0.026164
0.142857,0.448980,0.036787
0.163265,0.448980,0.058275
0.183673,0.448980,0.061590
0.204082,0.448980,0.062274
0.224490,0.448980,0.064937
0.244898,0.448980,0.069109
0.265306,0.448980,0.073615
0.285714,0.448980,0.077870
0.306122,0.448980,0.081740
0.326531,0.448980,0.085234
0.346939,0.448980,0.088366
0.367347,0.448980,0.091135
0.387755,0.448980,0.093530
0.408163,0.448980,0.095541
0.428571,0.448980,0.097160
0.448980,0.448980,0.098381
0.469388,0.448980,0.099197
0.489796,0.448980,0.099606
0.510204,0.448980,0.099605
0.530612,0.448980,0.099196
0.551020,0.448980,0.098379
0.571429,0.448980,0.097159
0.591837,0.448980,0.095539
0.612245,0.448980,0.093528
0.632653,0.448980,0.091132
0.653061,0.448980,0.088355
0.673469,0.448980,0.085207
0.693878,0.448980,0.081743
0.714286,0.448980,0.078063
0.734694,0.448980,0.074058
0.755102,0.448980,0.069016
0.775510,0.448980,0.062355
0.795918,0.448980,0.056732
0.816327,0.448980,0.059727
0.836735,0.448980,0.073785
0.857143,0.448980,0.073883
0.877551,0.448980,0.005817
0.897959,0.448980,-0.150910
0.918367,0.448980,-0.284467
0.938776,0.448980,-0.147586
0.959184,0.448980,0.464401
0.979592,0.448980,1.497044
1.000000,0.448980,2.657189
0.000000,0.469388,2.922962
0.020408,0.469388,1.572313
0.040816,0.469388,0.488363
0.061224,0.469388,-0.094939
0.081633,0.469388,-0.233369
0.102041,0.469388,-0.148304
0.122449,0.469388,-0.031691
0.142857,0.469388,0.037007
0.163265,0.469388,0.060175
0.183673,0.469388,0.063396
0.204082,0.469388,0.063740
0.224490,0.469388,0.066276
0.244898,0.469388,0.070488
0.265306,0.469388,0.075090
0.285714,0.469388,0.079440
0.306122,0.469388,0.083392
0.326531,0.469388,0.086957
0.346939,0.469388,0.090153
0.367347,0.469388,0.092977
0.387755,0.469388,0.095421
0.408163,0.469388,0.097473
0.428571,0.469388,0.099125
0.448980,0.469388,0.100369
0.469388,0.469388,0.101202
0.489796,0.469388,0.101619
0.510204,0.469388,0.101619
0.530612,0.469388,0.101201
0.551020,0.469388,0.100368
0.571429,0.469388,0.099123
0.591837,0.469388,0.097471
0.612245,0.469388,0.095419
0.632653,0.469388,0.092975
0.653061,0.469388,0.090141
0.673469,0.469388,0.086928
0.693878,0.469388,0.083395
0.714286,0.469388,0.079652
0.734694,0.469388,0.075577
0.755102,0.469388,0.070384
0.775510,0.469388,0.063434
0.795918,0.469388,0.057649
0.816327,0.469388,0.061366
0.836735,0.469388,0.077257
0.857143,0.469388,0.077797
0.877551,0.469388,0.003409
0.897959,0.469388,-0.168379
0.918367,0.469388,-0.314600
0.938776,0.469388,-0.163569
0.959184,0.469388,0.509443
0.979592,0.469388,1.644432
1.000000,0.469388,2.919280
0.000000,0.489796,3.209215
0.020408,0.489796,1.725678
0.040816,0.489796,0.535040
0.061224,0.489796,-0.105854
0.081633,0.489796,-0.258313
0.102041,0.489796,-0.165426
0.122449,0.489796,-0.037917
0.142857,0.489796,0.037002
0.163265,0.489796,0.061963
0.183673,0.489796,0.065049
0.204082,0.489796,0.064995
0.224490,0.489796,0.067363
0.244898,0.489796,0.071593
0.265306,0.489796,0.076273
0.285714,0.489796,0.080702
0.306122,0.489796,0.084722
0.326531,0.489796,0.088345
0.346939,0.489796,0.091591
0.367347,0.489796,0.094460
0.387755,0.489796,0.096942
0.408163,0.489796,0.099027
0.428571,0.489796,0.100706
0.448980,0.489796,0.101970
0.469388,0.489796,0.102816
0.489796,0.489796,0.103240
0.510204,0.489796,0.103239
0.530612,0.489796,0.102815
0.551020,0.489796,0.101969
0.571429,0.489796,0.100704
0.591837,0.489796,0.099025
0.612245,0.489796,0.096940
0.632653,0.489796,0.094457
0.653061,0.489796,0.091578
0.673469,0.489796,0.088312
0.693878,0.489796,0.084725
0.714286,0.489796,0.080935
0.734694,0.489796,0.076807
0.755102,0.489796,0.071476
0.775510,0.489796,0.064237
0.795918,0.489796,0.058303
0.816327,0.489796,0.062836
0.836735,0.489796,0.080763
0.857143,0.489796,0.081822
0.877551,0.489796,0.000579
0.897959,0.489796,-0.187598
0.918367,0.489796,-0.347603
0.938776,0.489796,-0.181126
0.959184,0.489796,0.558426
0.979592,0.489796,1.804958
1.000000,0.489796,3.204731
0.000000,0.510204,3.521381
0.020408,0.510204,1.892860
0.040816,0.510204,0.585800
0.061224,0.510204,-0.117925
0.081633,0.510204,-0.285680
0.102041,0.510204,-0.184269
0.122449,0.510204,-0.044904
0.142857,0.510204,0.036761
0.163265,0.510204,0.063639
0.183673,0.510204,0.066545
0.204082,0.510204,0.066026
0.224490,0.510204,0.068184
0.244898,0.510204,0.072407
0.265306,0.510204,0.077148
0.285714,0.510204,0.081640
0.306122,0.510204,0.085712
0.326531,0.510204,0.089378
0.346939,0.510204,0.092662
0.367347,0.510204,0.095565
0.387755,0.510204,0.098076
0.408163,0.510204,0.100185
0.428571,0.510204,0.101883
0.448980,0.510204,0.103162
0.469388,0.510204,0.104018
0.489796,0.510204,0.104447
0.510204,0.510204,0.104447
0.530612,0.510204,0.104017
0.551020,0.510204,0.103161
0.571429,0.510204,0.101881
0.591837,0.510204,0.100183
0.612245,0.510204,0.098074
0.632653,0.510204,0.095562
0.653061,0.510204,0.092648
0.673469,0.510204,0.089342
0.693878,0.510204,0.085715
0.714286,0.510204,0.081897
0.734694,0.510204,0.077735
0.755102,0.510204,0.072278
0.775510,0.510204,0.064749
0.795918,0.510204,0.058680
0.816327,0.510204,0.064133
0.836735,0.510204,0.084315
0.857143,0.510204,0.085983
0.877551,0.510204,-0.002704
0.897959,0.510204,-0.208740
0.918367,0.510204,-0.383774
0.938776,0.510204,-0.200426
0.959184,0.510204,0.611753
0.979592,0.510204,1.979974
1.000000,0.510204,3.515929
0.000000,0.530612,3.862233
0.020408,0.530612,2.075334
0.040816,0.530612,0.641066
0.061224,0.530612,-0.131290
0.081633,0.530612,-0.315732
0.102041,0.530612,-0.205008
0.122449,0.530612,-0.052721
0.142857,0.530612,0.036271
0.163265,0.530612,0.065204
0.183673,0.530612,0.067880
0.204082,0.530612,0.066826
0.224490,0.530612,0.068729
0.244898,0.530612,0.072918
0.265306,0.530612,0.077701
0.285714,0.530612,0.082240
0.306122,0.530612,0.086347
0.326531,0.530612,0.090042
0.346939,0.530612,0.093350
0.367347,0.530612,0.096274
0.387755,0.530612,0.098804
0.408163,0.530612,0.100928
0.428571,0.530612,0.102639
0.448980,0.530612,0.103928
0.469388,0.530612,0.104790
0.489796,0.530612,0.105221
0.510204,0.530612,0.105221
0.530612,0.530612,0.104789
0.551020,0.530612,0.103926
0.571429,0.530612,0.102636
0.591837,0.530612,0.100926
0.612245,0.530612,0.098801
0.632653,0.530612,0.096271
0.653061,0.530612,0.093334
0.673469,0.530612,0.090002
0.693878,0.530612,0.086351
0.714286,0.530612,0.082522
0.734694,0.530612,0.078346
0.755102,0.530612,0.072775
0.775510,0.530612,0.064956
0.795918,0.530612,0.058764
0.816327,0.530612,0.065252
0.836735,0.530612,0.087933
0.857143,0.530612,0.090309
0.877551,0.530612,-0.006474
0.897959,0.530612,-0.232006
0.918367,0.530612,-0.423460
0.938776,0.530612,-0.221671
0.959184,0.530612,0.669880
0.979592,0.530612,2.171035
1.000000,0.530612,3.855613
0.000000,0.551020,4.234990
0.020408,0.551020,2.274809
0.040816,0.551020,0.701320
0.061224,0.551020,-0.146117
0.081633,0.551020,-0.348777
0.102041,0.551020,-0.227849
0.122449,0.551020,-0.061450
0.142857,0.551020,0.035514
0.163265,0.551020,0.066655
0.183673,0.551020,0.069047
0.204082,0.551020,0.067381
0.224490,0.551020,0.068979
0.244898,0.551020,0.073107
0.265306,0.551020,0.077912
0.285714,0.551020,0.082480
0.306122,0.551020,0.086607
0.326531,0.551020,0.090314
0.346939,0.551020,0.093632
0.367347,0.551020,0.096565
0.387755,0.551020,0.099102
0.408163,0.551020,0.101233
0.428571,0.551020,0.102949
0.448980,0.551020,0.104241
0.469388,0.551020,0.105106
0.489796,0.551020,0.105539
0.510204,0.551020,0.105539
0.530612,0.551020,0.105105
0.551020,0.551020,0.104240
0.571429,0.551020,0.102946
0.591837,0.551020,0.101230
0.612245,0.551020,0.099099
0.632653,0.551020,0.096561
0.653061,0.551020,0.093615
0.673469,0.551020,0.090271
0.693878,0.551020,0.086611
0.714286,0.551020,0.082789
0.734694,0.551020,0.078620
0.755102,0.551020,0.072949
0.775510,0.551020,0.064835
0.795918,0.551020,0.058535
0.816327,0.551020,0.066182
0.836735,0.551020,0.091635
0.857143,0.551020,0.094827
0.877551,0.551020,-0.010779
0.897959,0.551020,-0.257638
0.918367,0.551020,-0.467074
0.938776,0.551020,-0.245103
0.959184,0.551020,0.733334
0.979592,0.551020,2.379940
1.000000,0.551020,4.226953
0.000000,0.571429,4.643419
0.020408,0.571429,2.493283
0.040816,0.571429,0.767118
0.061224,0.571429,-0.162609
0.081633,0.571429,-0.385181
0.102041,0.571429,-0.253038
0.122449,0.571429,-0.071189
0.142857,0.571429,0.034469
0.163265,0.571429,0.067984
0.183673,0.571429,0.070032
0.204082,0.571429,0.067668
0.224490,0.571429,0.068909
0.244898,0.571429,0.072946
0.265306,0.571429,0.077755
0.285714,0.571429,0.082333
0.306122,0.571429,0.086461
0.326531,0.571429,0.090165
0.346939,0.571429,0.093478
0.367347,0.571429,0.096406
0.387755,0.571429,0.098939
0.408163,0.571429,0.101067
0.428571,0.571429,0.102780
0.448980,0.571429,0.104071
0.469388,0.571429,0.104934
0.489796,0.571429,0.105367
0.510204,0.571429,0.105366
0.530612,0.571429,0.104933
0.551020,0.571429,0.104068
0.571429,0.571429,0.102777
0.591837,0.571429,0.101063
0.612245,0.571429,0.098935
0.632653,0.571429,0.096400
0.653061,0.571429,0.093457
0.673469,0.571429,0.090115
0.693878,0.571429,0.086463
0.714286,0.571429,0.082669
0.734694,0.571429,0.078527
0.755102,0.571429,0.072769
0.775510,0.571429,0.064357
0.795918,0.571429,0.057958
0.816327,0.571429,0.066898
0.836735,0.571429,0.095421
0.857143,0.571429,0.099555
0.877551,0.571429,-0.015683
0.897959,0.571429,-0.285920
0.918367,0.571429,-0.515098
0.938776,0.571429,-0.271006
0.959184,0.571429,0.802732
0.979592,0.571429,2.608798
1.000000,0.571429,4.633652
0.000000,0.591837,5.091977
0.020408,0.591837,2.733124
0.040816,0.591837,0.839127
0.061224,0.591837,-0.180991
0.081633,0.591837,-0.425350
0.102041,0.591837,-0.280824
0.122449,0.591837,-0.082008
0.142857,0.591837,0.033157
0.163265,0.591837,0.069237
0.183673,0.591837,0.070872
0.204082,0.591837,0.067716
0.224490,0.591837,0.068541
0.244898,0.591837,0.072457
0.265306,0.591837,0.077248
0.285714,0.591837,0.081819
0.306122,0.591837,0.085931
0.326531,0.591837,0.089614
0.346939,0.591837,0.092907
0.367347,0.591837,0.095817
0.387755,0.591837,0.098335
0.408163,0.591837,0.100450
0.428571,0.591837,0.102153
0.448980,0.591837,0.103436
0.469388,0.591837,0.104294
0.489796,0.591837,0.104723
0.510204,0.591837,0.104723
0.530612,0.591837,0.104292
0.551020,0.591837,0.103432
0.571429,0.591837,0.102148
0.591837,0.591837,0.100444
0.612245,0.591837,0.098330
0.632653,0.591837,0.095810
0.653061,0.591837,0.092883
0.673469,0.591837,0.089557
0.693878,0.591837,0.085930
0.714286,0.591837,0.082185
0.734694,0.591837,0.078096
0.755102,0.591837,0.072265
0.775510,0.591837,0.063542
0.795918,0.591837,0.057047
0.816327,0.591837,0.067422
0.836735,0.591837,0.099359
0.857143,0.591837,0.104597
0.877551,0.591837,-0.021165
0.897959,0.591837,-0.317086
0.918367,0.591837,-0.568011
0.938776,0.591837,-0.299643
0.959184,0.591837,0.878856
0.979592,0.591837,2.860132
1.000000,0.591837,5.080081
0.000000,0.612245,5.585999
0.020408,0.612245,2.997191
0.040816,0.612245,0.918180
0.061224,0.612245,-0.201479
0.081633,0.612245,-0.469690
0.102041,0.612245,-0.311408
0.122449,0.612245,-0.093871
0.142857,0.612245,0.031740
0.163265,0.612245,0.070608
0.183673,0.612245,0.071762
0.204082,0.612245,0.067714
0.224490,0.612245,0.068063
0.244898,0.612245,0.071828
0.265306,0.612245,0.076581
0.285714,0.612245,0.081128
0.306122,0.612245,0.085207
0.326531,0.612245,0.088853
0.346939,0.612245,0.092112
0.367347,0.612245,0.094992
0.387755,0.612245,0.097484
0.408163,0.612245,0.099577
0.428571,0.612245,0.101263
0.448980,0.612245,0.102533
0.469388,0.612245,0.103382
0.489796,0.612245,0.103808
0.510204,0.612245,0.103808
0.530612,0.612245,0.103383
0.551020,0.612245,0.102534
0.571429,0.612245,0.101264
0.591837,0.612245,0.099579
0.612245,0.612245,0.097488
0.632653,0.612245,0.094997
0.653061,0.612245,0.092101
0.673469,0.612245,0.088808
0.693878,0.612245,0.085226
0.714286,0.612245,0.081555
0.734694,0.612245,0.077545
0.755102,0.612245,0.071650
0.775510,0.612245,0.062593
0.795918,0.612245,0.056003
0.816327,0.612245,0.067998
0.836735,0.612245,0.103781
0.857143,0.612245,0.110348
0.877551,0.612245,-0.026941
0.897959,0.612245,-0.351220
0.918367,0.612245,-0.626270
0.938776,0.612245,-0.331284
0.959184,0.612245,0.962650
0.979592,0.612245,3.136971
1.000000,0.612245,5.571515
0.000000,0.632653,6.132005
0.020408,0.632653,3.288935
0.040816,0.632653,1.005212
0.061224,0.632653,-0.224458
0.081633,0.632653,-0.518857
0.102041,0.632653,-0.345219
0.122449,0.632653,-0.106945
0.142857,0.632653,0.030197
0.163265,0.632653,0.072127
0.183673,0.632653,0.072741
0.204082,0.632653,0.067702
0.224490,0.632653,0.067517
0.244898,0.632653,0.071102
0.265306,0.632653,0.075799
0.285714,0.632653,0.080303
0.306122,0.632653,0.084333
0.326531,0.632653,0.087928
0.346939,0.632653,0.091139
0.367347,0.632653,0.093975
0.387755,0.632653,0.096431
0.408163,0.632653,0.098494
0.428571,0.632653,0.100155
0.448980,0.632653,0.101407
0.469388,0.632653,0.102245
0.489796,0.632653,0.102667
0.510204,0.632653,0.102669
0.530612,0.632653,0.102252
0.551020,0.632653,0.101418
0.571429,0.632653,0.100170
0.591837,0.632653,0.098514
0.612245,0.632653,0.096459
0.632653,0.632653,0.094009
0.653061,0.632653,0.091159
0.673469,0.632653,0.087917
0.693878,0.632653,0.084403
0.714286,0.632653,0.080832
0.734694,0.632653,0.076919
0.755102,0.632653,0.070955
0.775510,0.632653,0.061546
0.795918,0.632653,0.054906
0.816327,0.632653,0.068793
0.836735,0.632653,0.108938
0.857143,0.632653,0.117024
0.877551,0.632653,-0.033101
0.897959,0.632653,-0.389003
0.918367,0.632653,-0.691071
0.938776,0.632653,-0.366838
0.959184,0.632653,1.054846
0.979592,0.632653,3.442808
1.000000,0.632653,6.114443
0.000000,0.653061,6.738067
0.020408,0.653061,3.612349
0.040816,0.653061,1.100866
0.061224,0.653061,-0.251139
0.081633,0.653061,-0.574594
0.102041,0.653061,-0.383912
0.122449,0.653061,-0.122719
0.142857,0.653061,0.027091
0.163265,0.653061,0.072331
0.183673,0.653061,0.072310
0.204082,0.653061,0.066162
0.224490,0.653061,0.065377
0.244898,0.653061,0.068747
0.265306,0.653061,0.073361
0.285714,0.653061,0.077796
0.306122,0.653061,0.081750
0.326531,0.653061,0.085268
0.346939,0.653061,0.088408
0.367347,0.653061,0.091182
0.387755,0.653061,0.093583
0.408163,0.653061,0.095599
0.428571,0.653061,0.097223
0.448980,0.653061,0.098446
0.469388,0.653061,0.099264
0.489796,0.653061,0.099673
0.510204,0.653061,0.099673
0.530612,0.653061,0.099261
0.551020,0.653061,0.098442
0.571429,0.653061,0.097217
0.591837,0.653061,0.095592
0.612245,0.653061,0.093575
0.632653,0.653061,0.091171
0.653061,0.653061,0.088375
0.673469,0.653061,0.085196
0.693878,0.653061,0.081757
0.714286,0.653061,0.078286
0.734694,0.653061,0.074463
0.755102,0.653061,0.068434
0.775510,0.653061,0.058707
0.795918,0.653061,0.052120
0.816327,0.653061,0.068130
0.836735,0.653061,0.112955
0.857143,0.653061,0.122400
0.877551,0.653061,-0.042354
0.897959,0.653061,-0.433670
0.918367,0.653061,-0.765815
0.938776,0.653061,-0.408761
0.959184,0.653061,1.155573
0.979592,0.653061,3.781560
1.000000,0.653061,6.716598
0.000000,0.673469,7.413879
0.020408,0.673469,3.972095
0.040816,0.673469,1.205657
0.061224,0.673469,-0.283259
0.081633,0.673469,-0.639280
0.102041,0.673469,-0.429801
0.122449,0.673469,-0.143434
0.142857,0.673469,0.020066
0.163265,0.673469,0.068656
0.183673,0.673469,0.067728
0.204082,0.673469,0.060250
0.224490,0.673469,0.058750
0.244898,0.673469,0.061846
0.265306,0.673469,0.066332
0.285714,0.673469,0.070653
0.306122,0.673469,0.074486
0.326531,0.673469,0.077885
0.346939,0.673469,0.080915
0.367347,0.673469,0.083592
0.387755,0.673469,0.085908
0.408163,0.673469,0.087851
0.428571,0.673469,0.089412
0.448980,0.673469,0.090584
0.469388,0.673469,0.091362
0.489796,0.673469,0.091743
0.510204,0.673469,0.091723
0.530612,0.673469,0.091304
0.551020,0.673469,0.090487
0.571429,0.673469,0.089273
0.591837,0.673469,0.087669
0.612245,0.673469,0.085682
0.632653,0.673469,0.083317
0.653061,0.673469,0.080567
0.673469,0.673469,0.077437
0.693878,0.673469,0.074047
0.714286,0.673469,0.070643
0.734694,0.673469,0.066915
0.755102,0.673469,0.060895
0.775510,0.673469,0.050911
0.795918,0.673469,0.044257
0.816327,0.673469,0.062108
0.836735,0.673469,0.111418
0.857143,0.673469,0.121963
0.877551,0.673469,-0.058800
0.897959,0.673469,-0.488646
0.918367,0.673469,-0.853046
0.938776,0.673469,-0.457983
0.959184,0.673469,1.266765
0.979592,0.673469,4.158802
1.000000,0.673469,7.386285
0.000000,0.693878,8.170507
0.020408,0.693878,4.375427
0.040816,0.693878,1.323592
0.061224,0.693878,-0.317820
0.081633,0.693878,-0.709069
0.102041,0.693878,-0.477627
0.122449,0.693878,-0.162814
0.142857,0.693878,0.015779
0.163265,0.693878,0.067716
0.183673,0.693878,0.065434
0.204082,0.693878,0.056270
0.224490,0.693878,0.053891
0.244898,0.693878,0.056667
0.265306,0.693878,0.061018
0.285714,0.693878,0.065221
0.306122,0.693878,0.068925
0.326531,0.693878,0.072196
0.346939,0.693878,0.075107
0.367347,0.693878,0.077678
0.387755,0.693878,0.079902
0.408163,0.693878,0.081768
0.428571,0.693878,0.083266
0.448980,0.693878,0.084387
0.469388,0.693878,0.085129
0.489796,0.693878,0.085485
0.510204,0.693878,0.085455
0.530612,0.693878,0.085038
0.551020,0.693878,0.084235
0.571429,0.693878,0.083048
0.591837,0.693878,0.081482
0.612245,0.693878,0.079545
0.632653,0.693878,0.077243
0.653061,0.693878,0.074563
0.673469,0.693878,0.071494
0.693878,0.693878,0.068164
0.714286,0.693878,0.064893
0.734694,0.693878,0.061435
0.755102,0.693878,0.055586
0.775510,0.693878,0.045130
0.795918,0.693878,0.037634
0.816327,0.693878,0.056634
0.836735,0.693878,0.111050
0.857143,0.693878,0.124790
0.877551,0.693878,-0.070533
0.897959,0.693878,-0.540453
0.918367,0.693878,-0.939715
0.938776,0.693878,-0.502925
0.959184,0.693878,1.399127
0.979592,0.693878,4.585353
1.000000,0.693878,8.133261
0.000000,0.714286,9.022924
0.020408,0.714286,4.835957
0.040816,0.714286,1.466950
0.061224,0.714286,-0.341095
0.081633,0.714286,-0.766378
0.102041,0.714286,-0.505235
0.122449,0.714286,-0.154870
0.142857,0.714286,0.042735
0.163265,0.714286,0.099351
0.183673,0.714286,0.095844
0.204082,0.714286,0.084868
0.224490,0.714286,0.081584
0.244898,0.714286,0.084145
0.265306,0.714286,0.088527
0.285714,0.714286,0.092787
0.306122,0.714286,0.096520
0.326531,0.714286,0.099800
0.346939,0.714286,0.102716
0.367347,0.714286,0.105294
0.387755,0.714286,0.107532
0.408163,0.714286,0.109420
0.428571,0.714286,0.110950
0.448980,0.714286,0.112116
0.469388,0.714286,0.112915
0.489796,0.714286,0.113345
0.510204,0.714286,0.113404
0.530612,0.714286,0.113095
0.551020,0.714286,0.112419
0.571429,0.714286,0.111380
0.591837,0.714286,0.109984
0.612245,0.714286,0.108244
0.632653,0.714286,0.106164
0.653061,0.714286,0.103720
0.673469,0.714286,0.100898
0.693878,0.714286,0.097889
0.714286,0.714286,0.095151
0.734694,0.714286,0.092383
0.755102,0.714286,0.086716
0.775510,0.714286,0.075089
0.795918,0.714286,0.066150
0.816327,0.714286,0.087940
0.836735,0.714286,0.152858
0.857143,0.714286,0.176781
0.877551,0.714286,-0.030577
0.897959,0.714286,-0.547304
0.918367,0.714286,-0.994082
0.938776,0.714286,-0.522090
0.959184,0.714286,1.568310
0.979592,0.714286,5.077062
1.000000,0.714286,8.977915
0.000000,0.734694,10.000752
0.020408,0.734694,5.368881
0.040816,0.734694,1.639762
0.061224,0.734694,-0.355031
0.081633,0.734694,-0.814031
0.102041,0.734694,-0.512950
0.122449,0.734694,-0.116021
0.142857,0.734694,0.108348
0.163265,0.734694,0.173886
0.183673,0.734694,0.171046
0.204082,0.734694,0.158963
0.224490,0.734694,0.155048
0.244898,0.734694,0.157584
0.265306,0.734694,0.162210
0.285714,0.734694,0.166753
0.306122,0.734694,0.170732
0.326531,0.734694,0.174216
0.346939,0.734694,0.177306
0.367347,0.734694,0.180042
0.387755,0.734694,0.182430
0.408163,0.734694,0.184465
0.428571,0.734694,0.186145
0.448980,0.734694,0.187470
0.469388,0.734694,0.188439
0.489796,0.734694,0.189055
0.510204,0.734694,0.189320
0.530612,0.734694,0.189239
0.551020,0.734694,0.188819
0.571429,0.734694,0.188067
0.591837,0.734694,0.186996
0.612245,0.734694,0.185621
0.632653,0.734694,0.183946
0.653061,0.734694,0.181946
0.673469,0.734694,0.179651
0.693878,0.734694,0.177370
0.714286,0.734694,0.175589
0.734694,0.734694,0.173545
0.755102,0.734694,0.167441
0.775510,0.734694,0.154361
0.795918,0.734694,0.146621
0.816327,0.734694,0.178642
0.836735,0.734694,0.263441
0.857143,0.734694,0.300201
0.877551,0.734694,0.067687
0.897959,0.734694,-0.525110
0.918367,0.734694,-1.051250
0.938776,0.734694,-0.556173
0.959184,0.734694,1.746265
0.979592,0.734694,5.634645
1.000000,0.734694,9.965950
0.000000,0.755102,11.155149
0.020408,0.755102,5.961678
0.040816,0.755102,1.780254
0.061224,0.755102,-0.460312
0.081633,0.755102,-0.981294
0.102041,0.755102,-0.649109
0.122449,0.755102,-0.205463
0.142857,0.755102,0.048819
0.163265,0.755102,0.126582
0.183673,0.755102,0.126616
0.204082,0.755102,0.114287
0.224490,0.755102,0.109617
0.244898,0.755102,0.111550
0.265306,0.755102,0.115758
0.285714,0.755102,0.119993
0.306122,0.755102,0.123716
0.326531,0.755102,0.126968
0.346939,0.755102,0.129839
0.367347,0.755102,0.132369
0.387755,0.755102,0.134564
0.408163,0.755102,0.136421
0.428571,0.755102,0.137939
0.448980,0.755102,0.139115
0.469388,0.755102,0.139950
0.489796,0.755102,0.140444
0.510204,0.755102,0.140600
0.530612,0.755102,0.140421
0.551020,0.755102,0.139911
0.571429,0.755102,0.139079
0.591837,0.755102,0.137934
0.612245,0.755102,0.136484
0.632653,0.755102,0.134728
0.653061,0.755102,0.132661
0.673469,0.755102,0.130381
0.693878,0.755102,0.128200
0.714286,0.755102,0.126260
0.734694,0.755102,0.123128
0.755102,0.755102,0.115169
0.775510,0.755102,0.102313
0.795918,0.755102,0.101895
0.816327,0.755102,0.149668
0.836735,0.755102,0.247420
0.857143,0.755102,0.267831
0.877551,0.755102,-0.037507
0.897959,0.755102,-0.752210
0.918367,0.755102,-1.372781
0.938776,0.755102,-0.814535
0.959184,0.755102,1.800803
0.979592,0.755102,6.211378
1.000000,0.755102,11.143343
0.000000,0.775510,12.508140
0.020408,0.775510,6.556652
0.040816,0.775510,1.763723
0.061224,0.775510,-0.841741
0.081633,0.775510,-1.506918
0.102041,0.775510,-1.199822
0.122449,0.775510,-0.747073
0.142857,0.775510,-0.485321
0.163265,0.775510,-0.406228
0.183673,0.775510,-0.407566
0.204082,0.775510,-0.422019
0.224490,0.775510,-0.429192
0.244898,0.775510,-0.429975
0.265306,0.775510,-0.428420
0.285714,0.775510,-0.426573
0.306122,0.775510,-0.424931
0.326531,0.775510,-0.423496
0.346939,0.775510,-0.422239
0.367347,0.775510,-0.421169
0.387755,0.775510,-0.420315
0.408163,0.775510,-0.419708
0.428571,0.775510,-0.419372
0.448980,0.775510,-0.419332
0.469388,0.775510,-0.419608
0.489796,0.775510,-0.420220
0.510204,0.775510,-0.421184
0.530612,0.775510,-0.422519
0.551020,0.775510,-0.424242
0.571429,0.775510,-0.426370
0.591837,0.775510,-0.428923
0.612245,0.775510,-0.431926
0.632653,0.775510,-0.435408
0.653061,0.775510,-0.439373
0.673469,0.775510,-0.443779
0.693878,0.775510,-0.448645
0.714286,0.775510,-0.454381
0.734694,0.775510,-0.462138
0.755102,0.775510,-0.472957
0.775510,0.775510,-0.483460
0.795918,0.775510,-0.478711
0.816327,0.775510,-0.437062
0.836735,0.775510,-0.376792
0.857143,0.775510,-0.435091
0.877551,0.775510,-0.847195
0.897959,0.775510,-1.652279
0.918367,0.775510,-2.260286
0.938776,0.775510,-1.472318
0.959184,0.775510,1.651178
0.979592,0.775510,6.763828
1.000000,0.775510,12.429335
0.000000,0.795918,13.927772
0.020408,0.795918,7.191923
0.040816,0.795918,1.734538
0.061224,0.795918,-1.278961
0.081633,0.795918,-2.127217
0.102041,0.795918,-1.894055
0.122449,0.795918,-1.488361
0.142857,0.795918,-1.268247
0.163265,0.795918,-1.219809
0.183673,0.795918,-1.237885
0.204082,0.795918,-1.259735
0.224490,0.795918,-1.270772
0.244898,0.795918,-1.274940
0.265306,0.795918,-1.276895
0.285714,0.795918,-1.278411
0.306122,0.795918,-1.279749
0.326531,0.795918,-1.280881
0.346939,0.795918,-1.281849
0.367347,0.795918,-1.282743
0.387755,0.795918,-1.283657
0.408163,0.795918,-1.284668
0.428571,0.795918,-1.285843
0.448980,0.795918,-1.287239
0.469388,0.795918,-1.288907
0.489796,0.795918,-1.290895
0.510204,0.795918,-1.293252
0.530612,0.795918,-1.296025
0.551020,0.795918,-1.299262
0.571429,0.795918,-1.303020
0.591837,0.795918,-1.307362
0.612245,0.795918,-1.312357
0.632653,0.795918,-1.318067
0.653061,0.795918,-1.324569
0.673469,0.795918,-1.332089
0.693878,0.795918,-1.341116
0.714286,0.795918,-1.351898
0.734694,0.795918,-1.363364
0.755102,0.795918,-1.373729
0.775510,0.795918,-1.384138
0.795918,0.795918,-1.398823
0.816327,0.795918,-1.417336
0.836735,0.795918,-1.446560
0.857143,0.795918,-1.564477
0.877551,0.795918,-1.941151
0.897959,0.795918,-2.597771
0.918367,0.795918,-2.955266
0.938776,0.795918,-1.795831
0.959184,0.795918,1.841294
0.979592,0.795918,7.508493
1.000000,0.795918,13.515714
0.000000,0.816327,15.208472
0.020408,0.816327,8.362991
0.040816,0.816327,2.691042
0.061224,0.816327,-0.338744
0.081633,0.816327,-1.056044
0.102041,0.816327,-0.705212
0.122449,0.816327,-0.273979
0.142857,0.816327,-0.094661
0.163265,0.816327,-0.096886
0.183673,0.816327,-0.144744
0.204082,0.816327,-0.174991
0.224490,0.816327,-0.183855
0.244898,0.816327,-0.183618
0.265306,0.816327,-0.182045
0.285714,0.816327,-0.181108
0.306122,0.816327,-0.180566
0.326531,0.816327,-0.180047
0.346939,0.816327,-0.179456
0.367347,0.816327,-0.178841
0.387755,0.816327,-0.178270
0.408163,0.816327,-0.177794
0.428571,0.816327,-0.177449
0.448980,0.816327,-0.177261
0.469388,0.816327,-0.177254
0.489796,0.816327,-0.177445
0.510204,0.816327,-0.177850
0.530612,0.816327,-0.178484
0.551020,0.816327,-0.179360
0.571429,0.816327,-0.180494
0.591837,0.816327,-0.181903
0.612245,0.816327,-0.183593
0.632653,0.816327,-0.185559
0.653061,0.816327,-0.187896
0.673469,0.816327,-0.190984
0.693878,0.816327,-0.195101
0.714286,0.816327,-0.198741
0.734694,0.816327,-0.198142
0.755102,0.816327,-0.194730
0.775510,0.816327,-0.207942
0.795918,0.816327,-0.264739
0.816327,0.816327,-0.344861
0.836735,0.816327,-0.353354
0.857143,0.816327,-0.243632
0.877551,0.816327,-0.192400
0.897959,0.816327,-0.425565
0.918367,0.816327,-0.602422
0.938776,0.816327,0.454251
0.959184,0.816327,3.852002
0.979592,0.816327,9.185899
1.000000,0.816327,14.324797
0.000000,0.836735,16.961331
0.020408,0.836735,11.025732
0.040816,0.836735,5.936601
0.061224,0.836735,3.759209
0.081633,0.836735,4.017695
0.102041,0.836735,5.143793
0.122449,0.836735,5.997354
0.142857,0.836735,6.315546
0.163265,0.836735,6.320387
0.183673,0.836735,6.256876
0.204082,0.836735,6.226987
0.224490,0.836735,6.232835
0.244898,0.836735,6.251782
0.265306,0.836735,6.270102
0.285714,0.836735,6.284593
0.306122,0.836735,6.296177
0.326531,0.836735,6.306081
0.346939,0.836735,6.314971
0.367347,0.836735,6.323156
0.387755,0.836735,6.330820
0.408163,0.836735,6.338120
0.428571,0.836735,6.345201
0.448980,0.836735,6.352203
0.469388,0.836735,6.359260
0.489796,0.836735,6.366507
0.510204,0.836735,6.374086
0.530612,0.836735,6.382152
0.551020,0.836735,6.390877
0.571429,0.836735,6.400456
0.591837,0.836735,6.411124
0.612245,0.836735,6.423177
0.632653,0.836735,6.436949
0.653061,0.836735,6.452675
0.673469,0.836735,6.470527
0.693878,0.836735,6.491759
0.714286,0.836735,6.520472
0.734694,0.836735,6.559993
0.755102,0.836735,6.597507
0.775510,0.836735,6.596183
0.795918,0.836735,6.547991
0.816327,0.836735,6.584476
0.836735,0.836735,6.964873
0.857143,0.836735,7.744385
0.877551,0.836735,8.394887
0.897959,0.836735,8.117418
0.918367,0.836735,6.956582
0.938776,0.836735,6.413221
0.959184,0.836735,8.274950
0.979592,0.836735,12.531581
1.000000,0.836735,16.418408
0.000000,0.857143,22.089845
0.020408,0.857143,14.907806
0.040816,0.857143,9.301886
0.061224,0.857143,7.852692
0.081633,0.857143,9.618300
0.102041,0.857143,12.259849
0.122449,0.857143,14.138240
0.142857,0.857143,14.940876
0.163265,0.857143,15.091915
0.183673,0.857143,15.044721
0.204082,0.857143,15.012227
0.224490,0.857143,15.026428
0.244898,0.857143,15.061177
0.265306,0.857143,15.095444
0.285714,0.857143,15.123028
0.306122,0.857143,15.144897
0.326531,0.857143,15.163141
0.346939,0.857143,15.179147
0.367347,0.857143,15.193684
0.387755,0.857143,15.207239
0.408163,0.857143,15.220196
0.428571,0.857143,15.232894
0.448980,0.857143,15.245639
0.469388,0.857143,15.258725
0.489796,0.857143,15.272442
0.510204,0.857143,15.287094
0.530612,0.857143,15.303010
0.551020,0.857143,15.320561
0.571429,0.857143,15.340180
0.591837,0.857143,15.362388
0.612245,0.857143,15.387829
0.632653,0.857143,15.417245
0.653061,0.857143,15.451425
0.673469,0.857143,15.491598
0.693878,0.857143,15.540834
0.714286,0.857143,15.604147
0.734694,0.857143,15.680288
0.755102,0.857143,15.747628
0.775510,0.857143,15.783737
0.795918,0.857143,15.868012
0.816327,0.857143,16.279654
0.836735,0.857143,17.294375
0.857143,0.857143,18.567063
0.877551,0.857143,18.774851
0.897959,0.857143,16.552803
0.918367,0.857143,12.387774
0.938776,0.857143,9.231877
0.959184,0.857143,10.346645
0.979592,0.857143,16.314218
1.000000,0.857143,23.919779
0.000000,0.877551,34.593361
0.020408,0.877551,14.818193
0.040816,0.877551,1.716648
0.061224,0.877551,-3.169008
0.081633,0.877551,-1.811038
0.102041,0.877551,1.875234
0.122449,0.877551,4.914886
0.142857,0.877551,6.414824
0.163265,0.877551,6.814174
0.183673,0.877551,6.783720
0.204082,0.877551,6.705990
0.224490,0.877551,6.682428
0.244898,0.877551,6.696437
0.265306,0.877551,6.719346
0.285714,0.877551,6.738704
0.306122,0.877551,6.753122
0.326531,0.877551,6.764224
0.346939,0.877551,6.773334
0.367347,0.877551,6.781099
0.387755,0.877551,6.787832
0.408163,0.877551,6.793730
0.428571,0.877551,6.798958
0.448980,0.877551,6.803658
0.469388,0.877551,6.807955
0.489796,0.877551,6.811967
0.510204,0.877551,6.815811
0.530612,0.877551,6.819610
0.551020,0.877551,6.823504
0.571429,0.877551,6.827658
0.591837,0.877551,6.832288
0.612245,0.877551,6.837672
0.632653,0.877551,6.844125
0.653061,0.877551,6.852018
0.673469,0.877551,6.862260
0.693878,0.877551,6.877180
0.714286,0.877551,6.898878
0.734694,0.877551,6.921301
0.755102,0.877551,6.928975
0.775510,0.877551,6.944478
0.795918,0.877551,7.127147
0.816327,0.877551,7.739619
0.836735,0.877551,8.693012
0.857143,0.877551,8.867888
0.877551,0.877551,6.310858
0.897959,0.877551,0.189339
0.918367,0.877551,-6.856909
0.938776,0.877551,-9.130379
0.959184,0.877551,-1.895588
0.979592,0.877551,15.258893
1.000000,0.877551,39.932175
0.000000,0.897959,49.618064
0.020408,0.897959,-1.092514
0.040816,0.897959,-33.797025
0.061224,0.897959,-51.101710
0.081633,0.897959,-55.745218
0.102041,0.897959,-53.729274
0.122449,0.897959,-50.480779
0.142857,0.897959,-48.470662
0.163265,0.897959,-47.813391
0.183673,0.897959,-47.822831
0.204082,0.897959,-47.968488
0.224490,0.897959,-48.057686
0.244898,0.897959,-48.084406
0.265306,0.897959,-48.084135
0.285714,0.897959,-48.079034
0.306122,0.897959,-48.075885
0.326531,0.897959,-48.075303
0.346939,0.897959,-48.077025
0.367347,0.897959,-48.081172
0.387755,0.897959,-48.088118
0.408163,0.897959,-48.098282
0.428571,0.897959,-48.112069
0.448980,0.897959,-48.129890
0.469388,0.897959,-48.152194
0.489796,0.897959,-48.179499
0.510204,0.897959,-48.212409
0.530612,0.897959,-48.251650
0.551020,0.897959,-48.298097
0.571429,0.897959,-48.352814
0.591837,0.897959,-48.417103
0.612245,0.897959,-48.492576
0.632653,0.897959,-48.581284
0.653061,0.897959,-48.685851
0.673469,0.897959,-48.809348
0.693878,0.897959,-48.955103
0.714286,0.897959,-49.128329
0.734694,0.897959,-49.339933
0.755102,0.897959,-49.600045
0.775510,0.897959,-49.882236
0.795918,0.897959,-50.105544
0.816327,0.897959,-50.315855
0.836735,0.897959,-51.159147
0.857143,0.897959,-54.108488
0.877551,0.897959,-60.345164
0.897959,0.897959,-68.201651
0.918367,0.897959,-71.581020
0.938776,0.897959,-62.552245
0.959184,0.897959,-37.322890
0.979592,0.897959,1.785982
1.000000,0.897959,55.836683
0.000000,0.918367,33.235633
0.020408,0.918367,-42.400821
0.040816,0.918367,-94.239052
0.061224,0.918367,-129.735158
0.081633,0.918367,-146.530558
0.102041,0.918367,-149.981985
0.122449,0.918367,-148.042697
0.142857,0.918367,-145.772923
0.163265,0.918367,-144.679571
0.183673,0.918367,-144.456721
0.204082,0.918367,-144.521427
0.224490,0.918367,-144.575314
0.244898,0.918367,-144.564961
0.265306,0.918367,-144.521352
0.285714,0.918367,-144.473705
0.306122,0.918367,-144.433692
0.326531,0.918367,-144.403450
0.346939,0.918367,-144.382782
0.367347,0.918367,-144.371645
0.387755,0.918367,-144.370360
0.408163,0.918367,-144.379405
0.428571,0.918367,-144.399350
0.448980,0.918367,-144.430880
0.469388,0.918367,-144.474858
0.489796,0.918367,-144.532379
0.510204,0.918367,-144.604832
0.530612,0.918367,-144.693978
0.551020,0.918367,-144.802037
0.571429,0.918367,-144.931817
0.591837,0.918367,-145.086881
0.612245,0.918367,-145.271787
0.632653,0.918367,-145.492458
0.653061,0.918367,-145.756694
0.673469,0.918367,-146.074637
0.693878,0.918367,-146.459237
0.714286,0.918367,-146.927896
0.734694,0.918367,-147.507421
0.755102,0.918367,-148.242251
0.775510,0.918367,-149.209992
0.795918,0.918367,-150.576987
0.816327,0.918367,-152.728517
0.836735,0.918367,-156.310289
0.857143,0.918367,-161.651403
0.877551,0.918367,-167.196272
0.897959,0.918367,-167.885496
0.918367,0.918367,-155.840628
0.938776,0.918367,-125.012607
0.959184,0.918367,-77.663457
0.979592,0.918367,-23.889937
1.000000,0.918367,40.319415
0.000000,0.938776,-92.695594
0.020408,0.938776,-82.401815
0.040816,0.938776,-101.340441
0.061224,0.938776,-144.425608
0.081633,0.938776,-175.353986
0.102041,0.938776,-186.641290
0.122449,0.938776,-186.628127
0.142857,0.938776,-183.748873
0.163265,0.938776,-181.703411
0.183673,0.938776,-180.869593
0.204082,0.938776,-180.628147
0.224490,0.938776,-180.516111
0.244898,0.938776,-180.385500
0.265306,0.938776,-180.239251
0.285714,0.938776,-180.103851
0.306122,0.938776,-179.991158
0.326531,0.938776,-179.901540
0.346939,0.938776,-179.832181
0.367347,0.938776,-179.780733
0.387755,0.938776,-179.745808
0.408163,0.938776,-179.726658
0.428571,0.938776,-179.722941
0.448980,0.938776,-179.734662
0.469388,0.938776,-179.762178
0.489796,0.938776,-179.806228
0.510204,0.938776,-179.867988
0.530612,0.938776,-179.949138
0.551020,0.938776,-180.051973
0.571429,0.938776,-180.179557
0.591837,0.938776,-180.335956
0.612245,0.938776,-180.526576
0.632653,0.938776,-180.758691
0.653061,0.938776,-181.042179
0.673469,0.938776,-181.390433
0.693878,0.938776,-181.821861
0.714286,0.938776,-182.364556
0.734694,0.938776,-183.070866
0.755102,0.938776,-184.049250
0.775510,0.938776,-185.505465
0.795918,0.938776,-187.736240
0.816327,0.938776,-190.928264
0.836735,0.938776,-194.562741
0.857143,0.938776,-196.482613
0.877551,0.938776,-192.391492
0.897959,0.938776,-176.946298
0.918367,0.938776,-146.639529
0.938776,0.938776,-103.496300
0.959184,0.938776,-59.319199
0.979592,0.938776,-37.758853
1.000000,0.938776,-51.041258
0.000000,0.959184,-412.326782
0.020408,0.959184,44.528631
0.040816,0.959184,167.070983
0.061224,0.959184,123.649396
0.081633,0.959184,74.703720
0.102041,0.959184,55.629377
0.122449,0.959184,54.890338
0.142857,0.959184,58.722773
0.163265,0.959184,61.346885
0.183673,0.959184,62.237527
0.204082,0.959184,62.308790
0.224490,0.959184,62.215801
0.244898,0.959184,62.165907
0.265306,0.959184,62.160014
0.285714,0.959184,62.166298
0.306122,0.959184,62.170577
0.326531,0.959184,62.172524
0.346939,0.959184,62.175480
0.367347,0.959184,62.182119
0.387755,0.959184,62.194032
0.408163,0.959184,62.212249
0.428571,0.959184,62.237627
0.448980,0.959184,62.271007
0.469388,0.959184,62.313280
0.489796,0.959184,62.365432
0.510204,0.959184,62.428588
0.530612,0.959184,62.504055
0.551020,0.959184,62.593369
0.571429,0.959184,62.698342
0.591837,0.959184,62.821104
0.612245,0.959184,62.964146
0.632653,0.959184,63.130356
0.653061,0.959184,63.323084
0.673469,0.959184,63.546065
0.693878,0.959184,63.801904
0.714286,0.959184,64.085394
0.734694,0.959184,64.367468
0.755102,0.959184,64.580023
0.775510,0.959184,64.659196
0.795918,0.959184,64.769958
0.816327,0.959184,65.798516
0.836735,0.959184,69.836989
0.857143,0.959184,79.735609
0.877551,0.959184,96.840527
0.897959,0.959184,117.978986
0.918367,0.959184,134.797984
0.938776,0.959184,136.105346
0.959184,0.959184,106.698522
0.979592,0.959184,11.655610
1.000000,0.959184,-222.384702
0.000000,0.979592,-764.114731
0.020408,0.979592,740.295919
0.040816,0.979592,981.825602
0.061224,0.979592,898.627276
0.081633,0.979592,837.501142
0.102041,0.979592,819.695879
0.122449,0.979592,818.806983
0.142857,0.979592,820.008001
0.163265,0.979592,819.579804
0.183673,0.979592,818.048639
0.204082,0.979592,816.367583
0.224490,0.979592,814.945115
0.244898,0.979592,813.812365
0.265306,0.979592,812.897592
0.285714,0.979592,812.143876
0.306122,0.979592,811.522338
0.326531,0.979592,811.018431
0.346939,0.979592,810.622433
0.367347,0.979592,810.326568
0.387755,0.979592,810.124816
0.408163,0.979592,810.013095
0.428571,0.979592,809.989294
0.448980,0.979592,810.053241
0.469388,0.979592,810.206714
0.489796,0.979592,810.453548
0.510204,0.979592,810.799843
0.530612,0.979592,811.254296
0.551020,0.979592,811.828697
0.571429,0.979592,812.538632
0.591837,0.979592,813.404499
0.612245,0.979592,814.452968
0.632653,0.979592,815.719121
0.653061,0.979592,817.249490
0.673469,0.979592,819.106054
0.693878,0.979592,821.371378
0.714286,0.979592,824.158687
0.734694,0.979592,827.644435
0.755102,0.979592,832.166495
0.775510,0.979592,838.433229
0.795918,0.979592,847.757868
0.816327,0.979592,861.844927
0.836735,0.979592,881.203377
0.857143,0.979592,901.723558
0.877551,0.979592,911.427994
0.897959,0.979592,891.929645
0.918367,0.979592,825.948883
0.938776,0.979592,703.739106
0.959184,0.979592,517.867747
0.979592,0.979592,232.592465
1.000000,0.979592,-348.205686
0.000000,1.000000,0.000000
0.020408,1.000000,1744.114731
0.040816,1.000000,2143.540303
0.061224,1.000000,2202.955734
0.081633,1.000000,2163.773815
0.102041,1.000000,2125.557829
0.122449,1.000000,2104.456605
0.142857,1.000000,2093.831626
0.163265,1.000000,2087.082148
0.183673,1.000000,2081.461411
0.204082,1.000000,2076.442736
0.224490,1.000000,2072.092849
0.244898,1.000000,2068.441259
0.265306,1.000000,2065.416294
0.285714,1.000000,2062.915941
0.306122,1.000000,2060.852422
0.326531,1.000000,2059.160685
0.346939,1.000000,2057.793318
0.367347,1.000000,2056.714983
0.387755,1.000000,2055.899151
0.408163,1.000000,2055.326435
0.428571,1.000000,2054.983639
0.448980,1.000000,2054.863165
0.469388,1.000000,2054.962686
0.489796,1.000000,2055.285071
0.510204,1.000000,2055.838571
0.530612,1.000000,2056.637296
0.551020,1.000000,2057.702042
0.571429,1.000000,2059.061550
0.591837,1.000000,2060.754379
0.612245,1.000000,2062.831639
0.632653,1.000000,2065.360976
0.653061,1.000000,2068.432398
0.673469,1.000000,2072.166963
0.693878,1.000000,2076.731135
0.714286,1.000000,2082.365634
0.734694,1.000000,2089.450309
0.755102,1.000000,2098.636396
0.775510,1.000000,2111.038181
0.795918,1.000000,2128.299760
0.816327,1.000000,2152.007392
0.836735,1.000000,2181.689818
0.857143,1.000000,2211.304941
0.877551,1.000000,2226.116612
0.897959,1.000000,2203.444642
0.918367,1.000000,2118.360874
0.938776,1.000000,1950.090617
0.959184,1.000000,1685.253110
0.979592,1.000000,1328.205686
1.000000,1.000000,0.000000
